Date,Winner,gofpval_student,gofpval_bb7,lam_emp,actual_returns,lam_student,lam_student_ci_lo,lam_student_ci_hi,lam_bb7,lam_bb7_ci_lo,lam_bb7_ci_hi,es_student,es_bb7
2015-05-22,student,0.989,0.992,0.16016016016016016,-1.410882832842545,0.14,0.04004004004004004,0.2202202202202202,0.142,0.04004004004004004,0.2202202202202202,-3.2565411755639255,-3.2825029116149222
2015-05-25,student,0.988,0.992,0.16016016016016016,-1.5867434048181148,0.142,0.04004004004004004,0.2202202202202202,0.14,0.04004004004004004,0.2202202202202202,-3.219937228401594,-3.244930351539139
2015-05-26,student,0.987,0.992,0.16016016016016016,-0.32619532139497,0.14,0.04004004004004004,0.2202202202202202,0.138,0.04004004004004004,0.2202202202202202,-3.462367736312106,-3.502639298702157
2015-05-27,student,0.992,0.994,0.16016016016016016,-0.3306527528911799,0.152,0.04004004004004004,0.22072072072072024,0.148,0.04004004004004004,0.24024024024024024,-3.1568522086013973,-3.185109004433672
2015-05-28,student,0.994,0.995,0.16016016016016016,1.2701354231103699,0.122,0.04004004004004004,0.2202202202202202,0.12,0.04004004004004004,0.2202202202202202,-3.2241818102588558,-3.2401392705141454
2015-05-29,student,0.987,0.989,0.16016016016016016,0.26110576187532003,0.108,0.04004004004004004,0.2202202202202202,0.106,0.04004004004004004,0.24024024024024024,-3.1694270221271954,-3.174494057788819
2015-06-01,student,0.987,0.989,0.16016016016016016,0.61450378154734,0.116,0.04004004004004004,0.2202202202202202,0.116,0.04004004004004004,0.24024024024024024,-3.1572803767503745,-3.187967767298291
2015-06-02,student,0.986,0.988,0.16016016016016016,-3.16038379574734,0.124,0.04004004004004004,0.2202202202202202,0.13,0.04004004004004004,0.24024024024024024,-3.2244979010276205,-3.271291037424112
2015-06-03,student,0.986,0.987,0.16016016016016016,-1.386232572771175,0.126,0.04004004004004004,0.22072072072072024,0.126,0.04004004004004004,0.24024024024024024,-3.915201200924345,-3.972647564117324
2015-06-04,student,0.994,0.994,0.16016016016016016,0.21542979318396502,0.134,0.04004004004004004,0.2202202202202202,0.134,0.04004004004004004,0.24024024024024024,-3.30645959980071,-3.341054711415266
2015-06-05,student,0.994,0.994,0.16016016016016016,-0.367164545878555,0.13,0.04004004004004004,0.2202202202202202,0.132,0.04004004004004004,0.24024024024024024,-3.1672255662314632,-3.201369376269168
2015-06-08,student,0.994,0.994,0.16016016016016016,-0.84499471297375,0.108,0.04004004004004004,0.2202202202202202,0.108,0.04004004004004004,0.24024024024024024,-3.0590975473007056,-3.091521479453834
2015-06-09,student,0.994,0.994,0.16016016016016016,0.31789144537415004,0.14,0.04004004004004004,0.2202202202202202,0.14,0.04004004004004004,0.24024024024024024,-3.072107797789853,-3.0966725348850708
2015-06-10,student,0.992,0.994,0.16016016016016016,1.434973429552765,0.118,0.04004004004004004,0.2202202202202202,0.12,0.04004004004004004,0.24024024024024024,-2.9652476031306225,-3.0006407215477804
2015-06-11,student,0.994,0.994,0.16016016016016016,-1.999554525689685,0.136,0.04004004004004004,0.2202202202202202,0.14,0.04004004004004004,0.24024024024024024,-3.1268181079722708,-3.162547712125314
2015-06-12,student,0.994,0.994,0.16016016016016016,-0.578729027803715,0.144,0.04004004004004004,0.2202202202202202,0.146,0.04004004004004004,0.24024024024024024,-3.3802350801586702,-3.427151114716891
2015-06-15,student,0.994,0.995,0.16016016016016016,0.16647704683793985,0.114,0.04004004004004004,0.2202202202202202,0.122,0.04004004004004004,0.24024024024024024,-3.196115901174888,-3.240706625722816
2015-06-16,student,0.994,0.994,0.16016016016016016,1.30894729460708,0.122,0.04004004004004004,0.2202202202202202,0.128,0.04004004004004004,0.24024024024024024,-3.271296164261674,-3.3192874274182724
2015-06-17,student,0.994,0.994,0.16016016016016016,-0.08484753677754,0.124,0.04004004004004004,0.2202202202202202,0.126,0.04004004004004004,0.24024024024024024,-3.0619114176512605,-3.09771645897985
2015-06-18,student,0.994,0.995,0.16016016016016016,0.8974410777815649,0.182,0.04004004004004004,0.22072072072072024,0.184,0.04004004004004004,0.24024024024024024,-3.2886380554885672,-3.3364236942122996
2015-06-19,student,0.994,0.994,0.16016016016016016,0.06510071036847997,0.138,0.04004004004004004,0.2202202202202202,0.142,0.04004004004004004,0.24024024024024024,-3.1450684727704736,-3.2023862876620113
2015-06-22,bb7,0.994,0.994,0.16016016016016016,2.52345075398408,0.11,0.04004004004004004,0.2202202202202202,0.112,0.04004004004004004,0.24024024024024024,-2.877945203366113,-2.908378162565173
2015-06-23,student,0.993,0.994,0.16016016016016016,-0.83063353436973,0.118,0.04004004004004004,0.22072072072072024,0.122,0.04004004004004004,0.24024024024024024,-3.0071434914082746,-3.0333877090104115
2015-06-24,student,0.995,0.995,0.16016016016016016,-1.28430317771145,0.14,0.04004004004004004,0.2202202202202202,0.144,0.04004004004004004,0.24024024024024024,-3.3661401268694746,-3.4161520258208355
2015-06-25,student,0.995,0.995,0.16016016016016016,0.230561230821285,0.152,0.04004004004004004,0.2202202202202202,0.154,0.04004004004004004,0.24024024024024024,-3.3321313372469215,-3.3673850453319183
2015-06-26,student,0.994,0.995,0.16016016016016016,0.8170864796662051,0.136,0.04004004004004004,0.2202202202202202,0.136,0.04004004004004004,0.24024024024024024,-3.0979622790455053,-3.1403010653283956
2015-06-29,student,0.995,0.996,0.16016016016016016,-1.8142421661124049,0.128,0.04004004004004004,0.2202202202202202,0.128,0.04004004004004004,0.24024024024024024,-3.1224085566098565,-3.152988672780833
2015-06-30,student,0.995,0.996,0.16016016016016016,0.2996723130793651,0.122,0.04004004004004004,0.2202202202202202,0.122,0.04004004004004004,0.24024024024024024,-3.1337279812675285,-3.162319429414691
2015-07-01,student,0.994,0.995,0.12012012012012012,1.601066260674005,0.13,0.04004004004004004,0.2202202202202202,0.132,0.04004004004004004,0.24024024024024024,-3.0971450296990626,-3.1267216080866427
2015-07-02,student,0.995,0.995,0.16016016016016016,-0.454797871417805,0.14,0.04004004004004004,0.22072072072072024,0.138,0.04004004004004004,0.24024024024024024,-2.990684388676141,-3.02570935600403
2015-07-03,student,0.995,0.996,0.16016016016016016,0.40476070206660497,0.118,0.04004004004004004,0.2202202202202202,0.118,0.04004004004004004,0.24024024024024024,-3.195699713925532,-3.2374843330828607
2015-07-06,student,0.995,0.996,0.16016016016016016,-0.09552024550542998,0.126,0.04004004004004004,0.2202202202202202,0.126,0.04004004004004004,0.24024024024024024,-3.0950909629273955,-3.1182257293667206
2015-07-07,student,0.995,0.996,0.16016016016016016,0.243673487281375,0.138,0.04004004004004004,0.2202202202202202,0.138,0.04004004004004004,0.24024024024024024,-3.1352577378566293,-3.1742436618419476
2015-07-08,student,0.996,0.997,0.16016016016016016,-2.21418920204082,0.136,0.04004004004004004,0.2202202202202202,0.136,0.04004004004004004,0.24024024024024024,-2.890832771667075,-2.921136949196766
2015-07-09,student,0.995,0.996,0.12012012012012012,-0.9540389612496151,0.166,0.04004004004004004,0.2202202202202202,0.17,0.04004004004004004,0.24024024024024024,-3.3161100800519296,-3.3472549746753755
2015-07-10,student,0.995,0.996,0.12012012012012012,0.493505596329485,0.124,0.04004004004004004,0.2202202202202202,0.124,0.04004004004004004,0.2202202202202202,-3.1609839655666327,-3.199502882253554
2015-07-13,student,0.995,0.996,0.12012012012012012,1.24894380678804,0.142,0.04004004004004004,0.2202202202202202,0.14,0.04004004004004004,0.24024024024024024,-2.9689923529463162,-3.0004032744706493
2015-07-14,student,0.995,0.995,0.12012012012012012,0.08322508290879993,0.146,0.04004004004004004,0.2202202202202202,0.146,0.04004004004004004,0.24024024024024024,-3.0503634974866025,-3.085559840920204
2015-07-15,student,0.995,0.996,0.12012012012012012,0.62412626318711,0.158,0.04004004004004004,0.2202202202202202,0.156,0.04004004004004004,0.2202202202202202,-3.304229075958142,-3.3349158101140874
2015-07-16,student,0.995,0.995,0.12012012012012012,1.0241273799143,0.132,0.04004004004004004,0.2202202202202202,0.132,0.04004004004004004,0.22072072072072024,-2.9318799437232212,-2.962403948933584
2015-07-17,student,0.995,0.996,0.12012012012012012,0.44046987886342504,0.116,0.04004004004004004,0.2202202202202202,0.116,0.04004004004004004,0.24024024024024024,-2.823864175012577,-2.837089357150435
2015-07-20,student,0.995,0.995,0.12012012012012012,-0.70770945543112,0.128,0.04004004004004004,0.2202202202202202,0.128,0.04004004004004004,0.22072072072072024,-2.991217150802334,-3.026566939787619
2015-07-21,student,0.994,0.994,0.12012012012012012,4.682365348369775,0.138,0.04004004004004004,0.2202202202202202,0.148,0.04004004004004004,0.24024024024024024,-3.04806583799623,-3.087730045430311
2015-07-22,student,0.994,0.994,0.12012012012012012,0.36887939616803,0.12,0.04004004004004004,0.2202202202202202,0.128,0.04004004004004004,0.24024024024024024,-5.809311335705463,-5.892086034495009
2015-07-23,student,0.993,0.994,0.12012012012012012,0.04451728029061494,0.12,0.04004004004004004,0.2202202202202202,0.126,0.04004004004004004,0.24024024024024024,-3.734343764243099,-3.7972888289429108
2015-07-24,student,0.992,0.994,0.12012012012012012,-1.7509810415276899,0.158,0.04004004004004004,0.2202202202202202,0.166,0.04004004004004004,0.24024024024024024,-3.0894439129419227,-3.1317497197028605
2015-07-27,student,0.992,0.994,0.12012012012012012,-1.955942502194405,0.106,0.04004004004004004,0.2202202202202202,0.11,0.04004004004004004,0.24024024024024024,-3.115292683530515,-3.1628851100823487
2015-07-28,student,0.992,0.992,0.12012012012012012,0.029753385578785,0.15,0.04004004004004004,0.2202202202202202,0.16,0.04004004004004004,0.24024024024024024,-3.2784664611053422,-3.3135365113458737
2015-07-29,student,0.989,0.992,0.12012012012012012,-0.042348907512015144,0.126,0.04004004004004004,0.2202202202202202,0.13,0.04004004004004004,0.24024024024024024,-3.264531805871322,-3.311657169063708
2015-07-30,student,0.989,0.992,0.12012012012012012,-0.08753660868779001,0.136,0.04004004004004004,0.2202202202202202,0.146,0.04004004004004004,0.24024024024024024,-3.196164080822685,-3.235148017516826
2015-07-31,student,0.992,0.993,0.12012012012012012,2.8438424343731503,0.12,0.04004004004004004,0.2202202202202202,0.136,0.04004004004004004,0.24024024024024024,-3.002847437160239,-3.0468835201337328
2015-08-03,student,0.992,0.993,0.12012012012012012,2.0843961463418847,0.11,0.04004004004004004,0.2202202202202202,0.114,0.04004004004004004,0.24024024024024024,-2.889531570038112,-2.929634684398523
2015-08-04,student,0.98,0.98,0.14014014014014015,0.30959495719883523,0.122,0.04004004004004004,0.2202202202202202,0.128,0.04004004004004004,0.24024024024024024,-2.9993490847093844,-3.067714937425348
2015-08-05,student,0.98,0.981,0.12012012012012012,0.8001157813100901,0.124,0.04004004004004004,0.2202202202202202,0.138,0.04004004004004004,0.2202202202202202,-3.250299880911346,-3.313304961031921
2015-08-06,student,0.987,0.989,0.12012012012012012,0.6630195644164351,0.132,0.04004004004004004,0.2202202202202202,0.14,0.04004004004004004,0.2202202202202202,-3.4514091835470153,-3.493464721037044
2015-08-07,student,0.969,0.97,0.12012012012012012,-0.9625809564611648,0.122,0.04004004004004004,0.2202202202202202,0.136,0.04004004004004004,0.2202202202202202,-3.167338909907825,-3.2256004615611427
2015-08-10,student,0.987,0.989,0.12012012012012012,-0.18298549186811996,0.106,0.04004004004004004,0.2202202202202202,0.122,0.04004004004004004,0.2202202202202202,-3.2358001655070656,-3.2827809023701384
2015-08-11,student,0.96,0.963,0.12012012012012012,-1.4751352772392052,0.112,0.04004004004004004,0.2202202202202202,0.12,0.04004004004004004,0.2202202202202202,-3.087644693078574,-3.1130786972225404
2015-08-12,student,0.985,0.987,0.12012012012012012,-0.8068682205106152,0.148,0.04004004004004004,0.2202202202202202,0.148,0.04004004004004004,0.2202202202202202,-3.7504682289265667,-3.7936797053129676
2015-08-13,student,0.989,0.991,0.12012012012012012,1.16279376991279,0.11,0.04004004004004004,0.2202202202202202,0.114,0.04004004004004004,0.2202202202202202,-3.8601174600575616,-3.881479437287933
2015-08-14,student,0.992,0.993,0.12012012012012012,1.3640179371744348,0.106,0.04004004004004004,0.2202202202202202,0.108,0.04004004004004004,0.2202202202202202,-3.2263988238259653,-3.2585380867165696
2015-08-17,student,0.993,0.994,0.12012012012012012,1.742412916988655,0.122,0.04004004004004004,0.2202202202202202,0.126,0.04004004004004004,0.2202202202202202,-3.2280450320441423,-3.2699347833020163
2015-08-18,student,0.992,0.992,0.12012012012012012,1.8570834027673648,0.106,0.04004004004004004,0.20070070070070023,0.112,0.04004004004004004,0.2202202202202202,-3.4300532305057976,-3.494808016599244
2015-08-19,student,0.992,0.993,0.12012012012012012,-0.7296580140545299,0.118,0.04004004004004004,0.20070070070070023,0.128,0.04004004004004004,0.2202202202202202,-3.421638798121275,-3.478750173988885
2015-08-20,student,0.989,0.992,0.12012012012012012,-3.1331877522800653,0.09,0.04004004004004004,0.20070070070070023,0.094,0.04004004004004004,0.2202202202202202,-3.4102829208881023,-3.450325248308558
2015-08-21,student,0.993,0.993,0.12012012012012012,0.105061776137795,0.112,0.04004004004004004,0.2202202202202202,0.12,0.04004004004004004,0.2202202202202202,-3.9991836486990264,-4.055120169932076
2015-08-24,student,0.992,0.992,0.12012012012012012,-6.89241546901788,0.09,0.04004004004004004,0.20020020020020018,0.094,0.04004004004004004,0.2202202202202202,-3.391043941486735,-3.4464783876171303
2015-08-25,bb7,0.992,0.991,0.16016016016016016,1.300227649787655,0.124,0.04004004004004004,0.2202202202202202,0.172,0.08008008008008008,0.2802802802802803,-4.865104528413392,-5.032336381567764
2015-08-26,bb7,0.989,0.988,0.14014014014014015,-2.512015106760945,0.114,0.04004004004004004,0.2202202202202202,0.166,0.0795795795795796,0.2802802802802803,-4.200354083346083,-4.320427489473012
2015-08-27,student,0.992,0.989,0.12012012012012012,1.60491585719558,0.13,0.04004004004004004,0.20070070070070023,0.176,0.06006006006006006,0.2602602602602602,-4.305532046217036,-4.5035275847626846
2015-08-28,bb7,0.977,0.974,0.12012012012012012,1.18744268197604,0.118,0.04004004004004004,0.20070070070070023,0.17,0.06006006006006006,0.2602602602602602,-3.9103263600384923,-3.930676307244904
2015-08-31,student,0.979,0.977,0.08008008008008008,-1.07735332666718,0.126,0.04004004004004004,0.20070070070070023,0.166,0.06006006006006006,0.2602602602602602,-3.629315996650783,-3.73834088180028
2015-09-01,bb7,0.99,0.988,0.12012012012012012,-1.943448174070695,0.118,0.04004004004004004,0.20070070070070023,0.168,0.06006006006006006,0.2602602602602602,-3.8110709148119715,-3.8985687846239943
2015-09-02,bb7,0.977,0.975,0.12012012012012012,-1.343189449647645,0.102,0.04004004004004004,0.20070070070070023,0.146,0.06006006006006006,0.2802802802802803,-3.8116816514276897,-3.8847951348645093
2015-09-03,bb7,0.969,0.968,0.14014014014014015,0.3627804241596056,0.124,0.04004004004004004,0.2202202202202202,0.18,0.0795795795795796,0.2802802802802803,-3.982826189759152,-4.1314027250834915
2015-09-04,bb7,0.989,0.987,0.14014014014014015,-2.721161924196715,0.122,0.04004004004004004,0.2202202202202202,0.174,0.0795795795795796,0.2802802802802803,-3.615804325321909,-3.734372141732898
2015-09-07,bb7,0.988,0.987,0.14014014014014015,-1.62031305991744,0.108,0.04004004004004004,0.2202202202202202,0.18,0.08008008008008008,0.2802802802802803,-3.956637793834342,-4.121745368959573
2015-09-08,bb7,0.944,0.94,0.14014014014014015,1.6155939624214428,0.12,0.04004004004004004,0.2202202202202202,0.176,0.0795795795795796,0.2802802802802803,-3.8054801501076727,-3.9663564687123753
2015-09-09,student,0.994,0.994,0.12012012012012012,2.109802177196975,0.126,0.04004004004004004,0.20020020020020018,0.182,0.06006006006006006,0.2802802802802803,-3.4640565628257085,-3.6352122626655965
2015-09-10,bb7,0.989,0.988,0.14014014014014015,-1.2951894306920249,0.122,0.04004004004004004,0.2202202202202202,0.17,0.06006006006006006,0.2802802802802803,-3.4800026114076728,-3.5968155098932644
2015-09-11,student,0.988,0.989,0.10010010010010009,1.05357060814924,0.114,0.04004004004004004,0.20020020020020018,0.158,0.06006006006006006,0.2602602602602602,-3.520523214325377,-3.601487196126087
2015-09-14,bb7,0.992,0.992,0.12012012012012012,1.5176036334114498,0.106,0.04004004004004004,0.2202202202202202,0.152,0.06006006006006006,0.2802802802802803,-3.408376849070685,-3.5568202327900744
2015-09-15,student,0.994,0.992,0.12012012012012012,-0.52700069474903,0.126,0.04004004004004004,0.2202202202202202,0.2,0.06006006006006006,0.2802802802802803,-3.332522579819262,-3.4970554517154446
2015-09-16,student,0.966,0.959,0.12012012012012012,0.9416692998245151,0.132,0.04004004004004004,0.2202202202202202,0.198,0.06006006006006006,0.2802802802802803,-3.5177950946963756,-3.6733102460413503
2015-09-18,bb7,0.993,0.992,0.12012012012012012,1.21299730208831,0.11,0.04004004004004004,0.2202202202202202,0.16,0.06006006006006006,0.2802802802802803,-3.3505279637368903,-3.4886245954196338
2015-09-21,bb7,0.974,0.969,0.12012012012012012,0.676083193702675,0.112,0.04004004004004004,0.2202202202202202,0.154,0.06006006006006006,0.2802802802802803,-3.108242183145467,-3.194088805674556
2015-09-22,student,0.994,0.994,0.12012012012012012,-1.384303897065835,0.134,0.04004004004004004,0.2202202202202202,0.178,0.08008008008008008,0.2802802802802803,-3.1871404056478556,-3.2856200816963983
2015-09-23,student,0.98,0.977,0.12012012012012012,0.793397316317735,0.118,0.04004004004004004,0.2202202202202202,0.178,0.06006006006006006,0.2802802802802803,-3.473442783939773,-3.596413086345754
2015-09-24,bb7,0.963,0.955,0.12012012012012012,0.9097585519904602,0.122,0.04004004004004004,0.2202202202202202,0.154,0.08008008008008008,0.2802802802802803,-3.214166350934957,-3.325533036673302
2015-09-28,bb7,0.979,0.975,0.12012012012012012,-1.474792769739345,0.118,0.04004004004004004,0.20070070070070023,0.164,0.08008008008008008,0.2802802802802803,-3.389675406130267,-3.515832296156367
2015-09-29,student,0.995,0.994,0.10010010010010009,1.2407778249628598,0.148,0.04004004004004004,0.2202202202202202,0.198,0.06006006006006006,0.2802802802802803,-3.2913738975508213,-3.4363618091441803
2015-09-30,student,0.995,0.994,0.10010010010010009,0.7644581262917902,0.134,0.04004004004004004,0.2202202202202202,0.182,0.06006006006006006,0.2802802802802803,-3.0492884330442114,-3.186964170362435
2015-10-01,student,0.994,0.994,0.10010010010010009,0.051921418721435075,0.112,0.04004004004004004,0.2202202202202202,0.168,0.06006006006006006,0.2802802802802803,-3.6520363825016875,-3.758113359147462
2015-10-05,student,0.994,0.994,0.08008008008008008,1.3902124943883498,0.112,0.04004004004004004,0.2202202202202202,0.172,0.06006006006006006,0.2802802802802803,-3.1257841129962154,-3.2210807289016103
2015-10-06,student,0.995,0.994,0.10010010010010009,-1.141287097069225,0.106,0.04004004004004004,0.20020020020020018,0.154,0.06006006006006006,0.2802802802802803,-2.9534605114544257,-3.068744040309731
2015-10-07,student,0.995,0.995,0.10010010010010009,-0.22208914690300996,0.072,0.04004004004004004,0.20020020020020018,0.13,0.06006006006006006,0.2602602602602602,-2.987723657694701,-3.04280355688061
2015-10-08,student,0.995,0.994,0.10010010010010009,-0.09771100453279499,0.12,0.04004004004004004,0.20020020020020018,0.172,0.06006006006006006,0.2602602602602602,-3.0469749331959948,-3.14901427011527
2015-10-09,student,0.995,0.995,0.08008008008008008,1.563856078152875,0.116,0.04004004004004004,0.20020020020020018,0.146,0.06006006006006006,0.2602602602602602,-2.9027221951590207,-2.9777386546669153
2015-10-12,student,0.994,0.994,0.10010010010010009,-1.717811339546505,0.118,0.04004004004004004,0.20020020020020018,0.162,0.06006006006006006,0.2602602602602602,-3.3195634820134683,-3.4524057018048224
2015-10-13,student,0.995,0.994,0.10010010010010009,-1.21107538426674,0.11,0.04004004004004004,0.20020020020020018,0.166,0.06006006006006006,0.2602602602602602,-3.058749474377965,-3.1036644297489864
2015-10-14,student,0.995,0.994,0.08008008008008008,0.010282561981475008,0.144,0.04004004004004004,0.20020020020020018,0.178,0.06006006006006006,0.2602602602602602,-2.901262231185346,-2.9894007911872476
2015-10-15,student,0.997,0.995,0.10010010010010009,0.94158527325048,0.1,0.04004004004004004,0.20020020020020018,0.148,0.06006006006006006,0.2602602602602602,-2.7444273363096845,-2.8168143777143273
2015-10-16,student,0.996,0.995,0.10010010010010009,1.898258593381385,0.116,0.04004004004004004,0.20020020020020018,0.15,0.06006006006006006,0.2602602602602602,-2.7136527392001617,-2.775114194574132
2015-10-19,student,0.997,0.996,0.08008008008008008,0.322763993928775,0.106,0.02002002002002002,0.20020020020020018,0.108,0.04004004004004004,0.20020020020020018,-2.8022257313770207,-2.8572798969380484
2015-10-20,student,0.997,0.996,0.08008008008008008,0.69431732477172,0.102,0.02002002002002002,0.20020020020020018,0.104,0.04004004004004004,0.20020020020020018,-3.1634396381611873,-3.200006551991391
2015-10-21,student,0.997,0.996,0.08008008008008008,-0.45089092284964005,0.1,0.02002002002002002,0.20020020020020018,0.1,0.04004004004004004,0.20020020020020018,-2.8662698547970336,-2.9173120269916937
2015-10-23,student,0.994,0.994,0.08008008008008008,1.217988937303165,0.088,0.02002002002002002,0.20020020020020018,0.094,0.04004004004004004,0.20020020020020018,-3.0798133134468855,-3.125823742266671
2015-10-26,student,0.992,0.987,0.08008008008008008,-0.32830746634561503,0.136,0.02002002002002002,0.20020020020020018,0.138,0.04004004004004004,0.20020020020020018,-2.8574788658273866,-2.9080742980513086
2015-10-27,student,0.994,0.994,0.08008008008008008,-0.60944002639953,0.088,0.02002002002002002,0.20020020020020018,0.128,0.06006006006006006,0.2602602602602602,-2.952139951289531,-3.065329562126619
2015-10-28,student,0.995,0.994,0.08008008008008008,-1.210215397316235,0.1,0.02002002002002002,0.20020020020020018,0.15,0.06006006006006006,0.2602602602602602,-2.9232303576155156,-2.9981048161565766
2015-10-29,student,0.996,0.995,0.08008008008008008,-1.419379411498395,0.1,0.02002002002002002,0.20020020020020018,0.128,0.06006006006006006,0.2602602602602602,-3.105048294822656,-3.1756608332432834
2015-10-30,student,0.996,0.995,0.08008008008008008,-0.39986650231138,0.114,0.02002002002002002,0.20020020020020018,0.162,0.06006006006006006,0.24024024024024024,-3.113849081338978,-3.172079434201274
2015-11-02,student,0.994,0.994,0.06006006006006006,-0.21915685554449998,0.096,0.02002002002002002,0.20020020020020018,0.106,0.04004004004004004,0.20020020020020018,-2.8626545142650457,-2.902735223787837
2015-11-03,student,0.996,0.995,0.08008008008008008,0.427207032707815,0.114,0.02002002002002002,0.20020020020020018,0.136,0.06006006006006006,0.2602602602602602,-2.9049553443250833,-3.016178465455794
2015-11-04,student,0.996,0.995,0.08008008008008008,0.2609815473568451,0.08,0.02002002002002002,0.20020020020020018,0.124,0.06006006006006006,0.24074074074074028,-2.8531926562286327,-2.921161978627603
2015-11-05,student,0.995,0.995,0.08008008008008008,-1.6936237001013852,0.112,0.02002002002002002,0.20020020020020018,0.166,0.06006006006006006,0.2602602602602602,-2.9173281474352457,-2.9818658009323884
2015-11-06,student,0.996,0.994,0.08008008008008008,2.589465312524005,0.104,0.02002002002002002,0.18068068068068022,0.16,0.06006006006006006,0.2602602602602602,-2.963832046532073,-3.0677953140210312
2015-11-09,student,0.996,0.994,0.08008008008008008,0.4710145408756651,0.088,0.02002002002002002,0.18068068068068022,0.134,0.06006006006006006,0.2602602602602602,-2.952188225209936,-3.0296195002020183
2015-11-10,student,0.996,0.994,0.08008008008008008,-2.3793661625971003,0.1,0.02002002002002002,0.18068068068068022,0.16,0.06006006006006006,0.2602602602602602,-2.879899301035923,-2.9801676506016275
2015-11-13,student,0.995,0.994,0.06006006006006006,-0.33566195454258496,0.098,0.02002002002002002,0.18068068068068022,0.162,0.06006006006006006,0.2602602602602602,-3.281621963677436,-3.3946308685929836
2015-11-16,student,0.995,0.994,0.06006006006006006,0.7033337853191801,0.116,0.02002002002002002,0.18068068068068022,0.176,0.06006006006006006,0.2602602602602602,-3.076858123815632,-3.18270508456507
2015-11-17,student,0.994,0.994,0.08008008008008008,-0.96387025441578,0.112,0.02002002002002002,0.18068068068068022,0.16,0.06006006006006006,0.2602602602602602,-3.0131684183674143,-3.1204905696423766
2015-11-18,student,0.995,0.994,0.08008008008008008,-3.3953457137634553,0.112,0.02002002002002002,0.18068068068068022,0.156,0.06006006006006006,0.2602602602602602,-3.0705805955266396,-3.2354650167947954
2015-11-19,student,0.996,0.995,0.08008008008008008,1.9425666397321648,0.114,0.02002002002002002,0.20020020020020018,0.18,0.06006006006006006,0.2602602602602602,-3.4281684292060346,-3.529240594491499
2015-11-20,student,0.996,0.994,0.08008008008008008,0.023886016319839998,0.108,0.02002002002002002,0.20020020020020018,0.164,0.06006006006006006,0.2602602602602602,-3.425778186205832,-3.61939779371198
2015-11-23,student,0.996,0.994,0.08008008008008008,0.010252395510690002,0.088,0.02002002002002002,0.20020020020020018,0.14,0.06006006006006006,0.2602602602602602,-2.960686924124975,-3.049763420263533
2015-11-24,student,0.995,0.994,0.08008008008008008,-0.8676342748953499,0.114,0.02002002002002002,0.20020020020020018,0.166,0.06006006006006006,0.2602602602602602,-2.970860495638009,-3.0711009867311843
2015-11-26,student,0.995,0.994,0.08008008008008008,0.764682642598415,0.082,0.02002002002002002,0.20020020020020018,0.136,0.06006006006006006,0.2602602602602602,-3.045270093615339,-3.152377687314894
2015-11-27,student,0.995,0.994,0.08008008008008008,2.121361904475865,0.114,0.02002002002002002,0.20020020020020018,0.156,0.06006006006006006,0.2602602602602602,-2.906664390925076,-3.0366735818021833
2015-11-30,student,0.997,0.994,0.08008008008008008,0.7896714431172751,0.092,0.02002002002002002,0.20020020020020018,0.146,0.06006006006006006,0.2602602602602602,-2.9548027553503338,-3.0453053570998496
2015-12-01,student,0.994,0.992,0.06006006006006006,-0.10000592601388503,0.108,0.02002002002002002,0.20020020020020018,0.186,0.06006006006006006,0.2602602602602602,-3.1045314602591216,-3.206811803279082
2015-12-02,student,0.994,0.992,0.08008008008008008,-1.98709315197409,0.126,0.02002002002002002,0.20020020020020018,0.174,0.06006006006006006,0.2602602602602602,-2.9501823719897726,-3.0419031034076505
2015-12-03,student,0.994,0.99,0.08008008008008008,-0.859877483607585,0.108,0.02002002002002002,0.20020020020020018,0.162,0.06006006006006006,0.2602602602602602,-3.0359677684466733,-3.180734908631928
2015-12-04,student,0.994,0.993,0.08008008008008008,-0.41295026356565995,0.106,0.04004004004004004,0.20020020020020018,0.16,0.06006006006006006,0.2802802802802803,-3.04729809029614,-3.1503426075385934
2015-12-07,student,0.994,0.993,0.08008008008008008,-0.644325535071155,0.122,0.02002002002002002,0.20020020020020018,0.182,0.06006006006006006,0.2602602602602602,-2.9733746633823985,-3.135356339191637
2015-12-08,student,0.995,0.993,0.08008008008008008,-0.657398803953155,0.112,0.04004004004004004,0.20020020020020018,0.168,0.06006006006006006,0.2802802802802803,-3.0218843560759088,-3.120157760175409
2015-12-09,bb7,0.994,0.993,0.08008008008008008,-1.11118520465346,0.07,0.04004004004004004,0.20020020020020018,0.12,0.06006006006006006,0.2602602602602602,-2.877696201523524,-2.9464971785546132
2015-12-10,student,0.995,0.993,0.08008008008008008,0.39731685241972503,0.13,0.04004004004004004,0.20020020020020018,0.176,0.06006006006006006,0.2602602602602602,-3.0774368200417572,-3.168919072934415
2015-12-11,student,0.994,0.993,0.08008008008008008,-0.753047449587195,0.092,0.02002002002002002,0.20020020020020018,0.142,0.06006006006006006,0.2602602602602602,-2.9684432891230554,-3.042808531605105
2015-12-14,student,0.983,0.978,0.08008008008008008,0.4890540666091751,0.092,0.02002002002002002,0.20020020020020018,0.15,0.06006006006006006,0.2602602602602602,-3.045230715324131,-3.250119286698929
2015-12-15,student,0.994,0.993,0.08008008008008008,0.474412539401945,0.098,0.02002002002002002,0.20020020020020018,0.146,0.06006006006006006,0.2602602602602602,-2.8591978538058775,-2.9334361710792973
2015-12-16,bb7,0.995,0.993,0.08008008008008008,1.04038359170208,0.092,0.02002002002002002,0.20020020020020018,0.128,0.06006006006006006,0.2602602602602602,-2.8092224179479683,-2.8883158124570336
2015-12-17,student,0.994,0.993,0.08008008008008008,1.29637326928792,0.108,0.02002002002002002,0.20020020020020018,0.148,0.06006006006006006,0.2602602602602602,-2.807984928248138,-2.9348591805261477
2015-12-18,student,0.994,0.993,0.08008008008008008,-2.0555040924721,0.11,0.02002002002002002,0.20020020020020018,0.152,0.06006006006006006,0.2602602602602602,-2.7589750531947232,-2.844749729671822
2015-12-21,student,0.995,0.993,0.08008008008008008,1.792851047980165,0.116,0.02002002002002002,0.20020020020020018,0.168,0.06006006006006006,0.2602602602602602,-2.996524181464325,-3.1236897644698884
2015-12-22,student,0.995,0.994,0.08008008008008008,-1.3584288721264302,0.12,0.02002002002002002,0.20020020020020018,0.196,0.06006006006006006,0.2602602602602602,-3.016712320937613,-3.116738243669767
2015-12-23,student,0.995,0.994,0.08008008008008008,1.066604234740065,0.106,0.02002002002002002,0.20020020020020018,0.17,0.06006006006006006,0.2602602602602602,-2.8826476921434456,-3.010455763281767
2015-12-24,student,0.994,0.993,0.08008008008008008,-0.49960022073902,0.124,0.02002002002002002,0.20020020020020018,0.192,0.06006006006006006,0.2602602602602602,-2.9703506652569565,-3.1177513283607996
2015-12-28,student,0.996,0.994,0.08008008008008008,0.512862177180625,0.114,0.02002002002002002,0.20020020020020018,0.154,0.06006006006006006,0.2602602602602602,-2.978990633199749,-3.0853099362314924
2015-12-29,student,0.997,0.994,0.08008008008008008,-0.155406263613874,0.094,0.02002002002002002,0.20020020020020018,0.13,0.06006006006006006,0.2602602602602602,-2.664999456138706,-2.7281279016606583
2015-12-30,student,0.997,0.994,0.08008008008008008,-1.368457064761555,0.094,0.02002002002002002,0.20020020020020018,0.16,0.06006006006006006,0.2602602602602602,-2.7107134992736093,-2.838730927718284
2015-12-31,student,0.996,0.994,0.08008008008008008,0.571665267492475,0.132,0.02002002002002002,0.20020020020020018,0.198,0.06006006006006006,0.2602602602602602,-3.0643694796256704,-3.2832742715324854
2016-01-01,student,0.995,0.993,0.08008008008008008,0.733973351427795,0.124,0.02002002002002002,0.18068068068068022,0.186,0.06006006006006006,0.2602602602602602,-2.9561916413752316,-3.080696567801875
2016-01-04,student,0.995,0.993,0.08008008008008008,-2.789674052248055,0.098,0.02002002002002002,0.18068068068068022,0.15,0.06006006006006006,0.2602602602602602,-2.676224261046804,-2.794358348801768
2016-01-05,bb7,0.996,0.994,0.10010010010010009,-0.8981002793951651,0.094,0.02002002002002002,0.20020020020020018,0.136,0.06006006006006006,0.2802802802802803,-3.0799269478206663,-3.1631592885883997
2016-01-06,student,0.997,0.994,0.10010010010010009,-0.42637013470515506,0.11,0.02002002002002002,0.20020020020020018,0.184,0.06006006006006006,0.2802802802802803,-2.997579162360164,-3.112377957014738
2016-01-07,student,0.997,0.995,0.10010010010010009,-2.58713683147125,0.092,0.02002002002002002,0.20020020020020018,0.17,0.06006006006006006,0.2802802802802803,-2.876276467564645,-2.9740499499757433
2016-01-08,student,0.997,0.995,0.10010010010010009,0.447906188124625,0.102,0.02002002002002002,0.20020020020020018,0.176,0.0795795795795796,0.2802802802802803,-3.2114958635031274,-3.4355541693432445
2016-01-11,student,0.997,0.995,0.10010010010010009,-1.48394042343919,0.11,0.02002002002002002,0.20020020020020018,0.178,0.08008008008008008,0.2802802802802803,-3.050010128372695,-3.1750817699989082
2016-01-12,student,0.997,0.994,0.10010010010010009,-1.48689775949271,0.13,0.02002002002002002,0.20020020020020018,0.198,0.0795795795795796,0.2802802802802803,-3.076105063177786,-3.194252847998143
2016-01-13,bb7,0.997,0.995,0.10010010010010009,1.94280248411508,0.074,0.02002002002002002,0.20020020020020018,0.124,0.0795795795795796,0.2802802802802803,-2.990457080051724,-3.1078499068355967
2016-01-14,student,0.997,0.995,0.10010010010010009,1.016360930514055,0.082,0.02002002002002002,0.20020020020020018,0.166,0.0795795795795796,0.2802802802802803,-3.1142955694025423,-3.203412379733238
2016-01-15,student,0.996,0.995,0.10010010010010009,-2.786656309521445,0.09,0.02002002002002002,0.20020020020020018,0.176,0.06006006006006006,0.2802802802802803,-3.8288417737397182,-4.007070607613517
2016-01-18,bb7,0.997,0.995,0.10010010010010009,-1.255543456969135,0.068,0.02002002002002002,0.20020020020020018,0.118,0.06006006006006006,0.2802802802802803,-3.5137380683041046,-3.6083499712243756
2016-01-19,bb7,0.997,0.995,0.10010010010010009,0.8769718100331599,0.098,0.02002002002002002,0.20020020020020018,0.14,0.06006006006006006,0.2802802802802803,-3.175342297609492,-3.2923705593768333
2016-01-20,bb7,0.997,0.996,0.10010010010010009,-3.42240261114456,0.074,0.02002002002002002,0.20020020020020018,0.128,0.06006006006006006,0.2802802802802803,-3.179531120256063,-3.282102163910718
2016-01-21,student,0.998,0.997,0.10010010010010009,1.257984024058195,0.114,0.02002002002002002,0.20020020020020018,0.182,0.06006006006006006,0.2802802802802803,-3.8390837816041805,-4.037113863741694
2016-01-22,student,0.998,0.997,0.10010010010010009,2.46394831464927,0.118,0.02002002002002002,0.20020020020020018,0.198,0.08008008008008008,0.2802802802802803,-3.5946376781425964,-3.7438466622432602
2016-01-25,student,0.994,0.989,0.10010010010010009,-0.38734547772012495,0.09,0.02002002002002002,0.20020020020020018,0.158,0.08008008008008008,0.2802802802802803,-3.3770764042630685,-3.5313849091147547
2016-01-27,student,0.999,0.997,0.10010010010010009,0.43206085895344,0.094,0.02002002002002002,0.20020020020020018,0.164,0.0795795795795796,0.2802802802802803,-3.4211732586598194,-3.5940332963433623
2016-01-28,student,0.997,0.996,0.10010010010010009,-0.16245159998676495,0.106,0.02002002002002002,0.20020020020020018,0.174,0.06006006006006006,0.2802802802802803,-3.393663066971885,-3.5641670883582646
2016-01-29,bb7,0.998,0.997,0.10010010010010009,0.0733247651560398,0.08,0.02002002002002002,0.20020020020020018,0.146,0.06006006006006006,0.2802802802802803,-3.2943609236618525,-3.4437900971976942
2016-02-01,student,0.999,0.997,0.10010010010010009,-1.666409352744065,0.126,0.02002002002002002,0.20020020020020018,0.192,0.06006006006006006,0.2802802802802803,-3.833495247825282,-4.018322774952107
2016-02-02,bb7,0.998,0.997,0.10010010010010009,-0.885467183162825,0.088,0.02002002002002002,0.18068068068068022,0.146,0.06006006006006006,0.2802802802802803,-3.418688780575528,-3.5431836693094563
2016-02-03,student,0.997,0.995,0.10010010010010009,-1.7637211399913948,0.118,0.02002002002002002,0.18018018018018017,0.188,0.06006006006006006,0.2802802802802803,-3.44632942040855,-3.559572909334428
2016-02-04,student,0.997,0.995,0.10010010010010009,-0.029625658879130046,0.1,0.02002002002002002,0.18018018018018017,0.158,0.06006006006006006,0.2802802802802803,-3.3374372532570424,-3.467121198285091
2016-02-05,student,0.997,0.995,0.10010010010010009,1.401713760994315,0.11,0.02002002002002002,0.18018018018018017,0.172,0.06006006006006006,0.2802802802802803,-3.410513223521705,-3.563514433482601
2016-02-08,student,0.997,0.995,0.10010010010010009,0.13285253151103027,0.108,0.02002002002002002,0.18018018018018017,0.162,0.06006006006006006,0.2802802802802803,-3.161589384241397,-3.338305148432675
2016-02-09,student,0.997,0.996,0.10010010010010009,-3.414478247501035,0.092,0.02002002002002002,0.18018018018018017,0.152,0.06006006006006006,0.2802802802802803,-3.088369547145094,-3.195821124575671
2016-02-10,bb7,0.997,0.995,0.10010010010010009,-2.428834824382845,0.074,0.02002002002002002,0.18018018018018017,0.12,0.06006006006006006,0.2802802802802803,-3.4000801528671194,-3.571130378823042
2016-02-11,student,0.996,0.995,0.10010010010010009,-2.8836115250486403,0.1,0.02002002002002002,0.18018018018018017,0.166,0.06006006006006006,0.2802802802802803,-3.6119081086100557,-3.7762568884360515
2016-02-12,student,0.995,0.994,0.10010010010010009,0.45532416233689493,0.096,0.02002002002002002,0.18018018018018017,0.164,0.08008008008008008,0.2802802802802803,-3.6294799644650375,-3.7707710199480813
2016-02-15,student,0.997,0.995,0.10010010010010009,4.373056581396126,0.086,0.02002002002002002,0.18018018018018017,0.188,0.08008008008008008,0.2802802802802803,-3.469511726557752,-3.642235570114002
2016-02-16,student,0.997,0.995,0.10010010010010009,-4.113110808143349,0.106,0.02002002002002002,0.18018018018018017,0.17,0.08008008008008008,0.2802802802802803,-3.733875017639824,-3.880036303677416
2016-02-17,student,0.995,0.995,0.08008008008008008,1.667654947875075,0.094,0.02002002002002002,0.18018018018018017,0.172,0.08008008008008008,0.2802802802802803,-4.814645824931485,-4.996515401638866
2016-02-18,student,0.995,0.994,0.08008008008008008,1.41697144769708,0.088,0.02002002002002002,0.18018018018018017,0.158,0.08008008008008008,0.2802802802802803,-4.244750588570128,-4.420733722260548
2016-02-19,bb7,0.995,0.995,0.10010010010010009,1.68118773352865,0.088,0.02002002002002002,0.18018018018018017,0.136,0.0795795795795796,0.2802802802802803,-4.085139536738946,-4.278409363436178
2016-02-22,student,0.995,0.994,0.10010010010010009,0.04922426116095499,0.108,0.02002002002002002,0.18018018018018017,0.166,0.0795795795795796,0.2802802802802803,-4.052109676867439,-4.169761837989296
2016-02-23,student,0.995,0.994,0.10010010010010009,-2.116584859842985,0.086,0.02002002002002002,0.18018018018018017,0.166,0.0795795795795796,0.2802802802802803,-3.8201525479345264,-3.939361753100235
2016-02-24,student,0.995,0.995,0.08008008008008008,-0.6344038553828049,0.1,0.02002002002002002,0.18018018018018017,0.164,0.0795795795795796,0.2802802802802803,-3.979088500803585,-4.16486876519752
2016-02-25,student,0.995,0.994,0.10010010010010009,-2.13384633973382,0.108,0.02002002002002002,0.18018018018018017,0.194,0.0795795795795796,0.2802802802802803,-3.70012492063735,-3.910237591182534
2016-02-26,student,0.995,0.994,0.08008008008008008,1.81876285354121,0.084,0.02002002002002002,0.18018018018018017,0.152,0.0795795795795796,0.2802802802802803,-3.6479190021834396,-3.7811663817424277
2016-02-29,student,0.995,0.995,0.08008008008008008,-0.7767371567875851,0.12,0.02002002002002002,0.18018018018018017,0.19,0.0795795795795796,0.2802802802802803,-3.593423529841848,-3.799680394806952
2016-03-01,student,0.997,0.995,0.10010010010010009,2.902645033311695,0.102,0.02002002002002002,0.18018018018018017,0.186,0.0795795795795796,0.2802802802802803,-3.532891837340021,-3.730273020824224
2016-03-02,student,0.996,0.995,0.10010010010010009,6.91015378813651,0.106,0.02002002002002002,0.18018018018018017,0.164,0.0795795795795796,0.2802802802802803,-3.7506869480742724,-3.9680460159986946
2016-03-03,student,0.995,0.994,0.08008008008008008,1.011672333553725,0.082,0.02002002002002002,0.18068068068068022,0.156,0.06006006006006006,0.2802802802802803,-4.199396488357161,-4.381344005067925
2016-03-04,student,0.995,0.994,0.10010010010010009,1.58010843899103,0.09,0.02002002002002002,0.18068068068068022,0.158,0.06006006006006006,0.2802802802802803,-4.264897573667633,-4.431388341413207
2016-03-08,student,0.995,0.994,0.10010010010010009,-1.6670115538319998,0.12,0.02002002002002002,0.18068068068068022,0.188,0.06006006006006006,0.2802802802802803,-4.09752571164151,-4.282189422060698
2016-03-09,student,0.995,0.994,0.10010010010010009,0.656278081807695,0.106,0.02002002002002002,0.18068068068068022,0.168,0.06006006006006006,0.2802802802802803,-4.190087371275466,-4.320336663152695
2016-03-10,student,0.994,0.993,0.08008008008008008,-2.34811424481854,0.088,0.02002002002002002,0.18068068068068022,0.15,0.06006006006006006,0.2802802802802803,-3.9189010804080744,-4.082659203792637
2016-03-11,student,0.994,0.994,0.08008008008008008,-0.08904434236895,0.102,0.02002002002002002,0.18068068068068022,0.166,0.06006006006006006,0.2802802802802803,-3.915178003259263,-4.094882716321071
2016-03-14,student,0.994,0.994,0.10010010010010009,0.377193286223465,0.126,0.02002002002002002,0.18018018018018017,0.212,0.06006006006006006,0.2802802802802803,-3.7914306383091807,-4.034240834296692
2016-03-15,bb7,0.995,0.994,0.10010010010010009,0.6683655817874848,0.09,0.02002002002002002,0.18018018018018017,0.148,0.06006006006006006,0.2802802802802803,-3.3988305630012072,-3.5467187621927816
2016-03-16,bb7,0.992,0.987,0.10010010010010009,0.7623133844601999,0.086,0.02002002002002002,0.18018018018018017,0.148,0.06006006006006006,0.2802802802802803,-3.3045690402129657,-3.4594310664235874
2016-03-17,student,0.994,0.993,0.10010010010010009,0.7113959803959,0.118,0.02002002002002002,0.18068068068068022,0.212,0.06006006006006006,0.2802802802802803,-3.3058043626381277,-3.504867128100326
2016-03-18,student,0.994,0.994,0.08008008008008008,2.64167684423626,0.094,0.02002002002002002,0.18068068068068022,0.182,0.06006006006006006,0.2802802802802803,-3.0305804778171397,-3.193476405340894
2016-03-21,student,0.994,0.993,0.10010010010010009,1.4931547054174898,0.11,0.02002002002002002,0.18068068068068022,0.198,0.0795795795795796,0.28078078078078034,-3.2446476630157353,-3.4344867950113804
2016-03-22,student,0.994,0.994,0.10010010010010009,-0.030037350465004997,0.1,0.02002002002002002,0.18068068068068022,0.152,0.04004004004004004,0.24024024024024024,-3.084826597220385,-3.1988180655247587
2016-03-23,student,0.994,0.994,0.08008008008008008,0.51608930307211,0.082,0.02002002002002002,0.18068068068068022,0.102,0.04004004004004004,0.24024024024024024,-2.944756512857112,-3.039014000071368
2016-03-28,student,0.994,0.994,0.08008008008008008,-2.2769179294307103,0.088,0.02002002002002002,0.18068068068068022,0.112,0.04004004004004004,0.24024024024024024,-3.0392788304090352,-3.143797643684067
2016-03-29,student,0.994,0.992,0.08008008008008008,-0.00084852019685,0.074,0.02002002002002002,0.18068068068068022,0.094,0.04004004004004004,0.24024024024024024,-3.3061950419917574,-3.3999764042841423
2016-03-30,student,0.994,0.992,0.08008008008008008,2.442144110857585,0.116,0.02002002002002002,0.18068068068068022,0.132,0.04004004004004004,0.24024024024024024,-3.067383626254742,-3.163215814566036
2016-03-31,student,0.994,0.992,0.08008008008008008,-0.33283771344831004,0.1,0.02002002002002002,0.18018018018018017,0.114,0.04004004004004004,0.22072072072072024,-3.1462511721978244,-3.265672753418927
2016-04-01,student,0.994,0.994,0.10010010010010009,-0.171116164042955,0.08,0.02002002002002002,0.18018018018018017,0.118,0.04004004004004004,0.22072072072072024,-3.288604737326573,-3.388838914953844
2016-04-04,student,0.994,0.994,0.10010010010010009,1.31852016377289,0.104,0.02002002002002002,0.18018018018018017,0.118,0.04004004004004004,0.22072072072072024,-3.1311937022851497,-3.231410402460293
2016-04-05,student,0.994,0.992,0.08008008008008008,-3.701374314532705,0.108,0.02002002002002002,0.18018018018018017,0.138,0.04004004004004004,0.22072072072072024,-3.541952535742242,-3.6487098896538126
2016-04-06,bb7,0.994,0.989,0.08008008008008008,-0.9249090551431101,0.086,0.02002002002002002,0.18068068068068022,0.112,0.04004004004004004,0.24024024024024024,-3.671765321382546,-3.7851978571018825
2016-04-07,bb7,0.994,0.99,0.08008008008008008,-1.325407461718115,0.078,0.02002002002002002,0.18068068068068022,0.124,0.04004004004004004,0.24024024024024024,-3.3576288659155726,-3.4728146325506675
2016-04-08,student,0.995,0.99,0.08008008008008008,-0.35598012189927,0.114,0.02002002002002002,0.18068068068068022,0.144,0.04004004004004004,0.24024024024024024,-3.3949741170949794,-3.5175601860743884
2016-04-11,bb7,0.995,0.992,0.08008008008008008,2.159382136004655,0.11,0.02002002002002002,0.18068068068068022,0.128,0.04004004004004004,0.24024024024024024,-3.1901266534571215,-3.298643465325128
2016-04-12,bb7,0.995,0.99,0.08008008008008008,-0.19149018931275502,0.092,0.02002002002002002,0.20020020020020018,0.118,0.04004004004004004,0.24024024024024024,-3.0677948400252526,-3.1883950679664776
2016-04-13,bb7,0.995,0.995,0.08008008008008008,0.67640006272687,0.086,0.02002002002002002,0.20020020020020018,0.126,0.04004004004004004,0.24024024024024024,-3.120713028853369,-3.2184349086962687
2016-04-18,bb7,0.995,0.993,0.08008008008008008,1.3774932184554947,0.092,0.02002002002002002,0.20020020020020018,0.128,0.04004004004004004,0.24024024024024024,-3.0581213246732655,-3.177387098190403
2016-04-20,bb7,0.995,0.993,0.08008008008008008,0.34445006597391004,0.092,0.02002002002002002,0.20020020020020018,0.112,0.04004004004004004,0.24024024024024024,-4.065076582888011,-4.210640133073161
2016-04-21,bb7,0.995,0.995,0.08008008008008008,1.1470283236385148,0.092,0.02002002002002002,0.20020020020020018,0.124,0.04004004004004004,0.22072072072072024,-3.061721120501588,-3.171349075017717
2016-04-22,bb7,0.995,0.995,0.08008008008008008,0.8528876137484149,0.094,0.02002002002002002,0.20020020020020018,0.114,0.04004004004004004,0.2202202202202202,-3.168401526297603,-3.2730693486119646
2016-04-25,bb7,0.995,0.995,0.08008008008008008,-0.590965299823935,0.08,0.02002002002002002,0.18068068068068022,0.104,0.04004004004004004,0.2202202202202202,-3.0151509781459827,-3.107843645079995
2016-04-26,bb7,0.996,0.995,0.08008008008008008,1.645797897091535,0.102,0.02002002002002002,0.18018018018018017,0.122,0.04004004004004004,0.2202202202202202,-3.2215743423182674,-3.337173810680836
2016-04-27,student,0.995,0.992,0.08008008008008008,-0.8852365364190049,0.11,0.02002002002002002,0.18018018018018017,0.138,0.04004004004004004,0.2202202202202202,-3.1418282181862076,-3.2492126120770273
2016-04-28,student,0.996,0.995,0.10010010010010009,-2.321933013773975,0.094,0.02002002002002002,0.18018018018018017,0.164,0.06006006006006006,0.2802802802802803,-3.2634631602951996,-3.4159952731278564
2016-04-29,bb7,0.996,0.995,0.10010010010010009,-0.843864835608725,0.096,0.02002002002002002,0.18018018018018017,0.114,0.04004004004004004,0.2202202202202202,-3.382712994061499,-3.481952374993877
2016-05-02,bb7,0.996,0.996,0.10010010010010009,-1.0926578643823301,0.098,0.02002002002002002,0.18018018018018017,0.12,0.04004004004004004,0.2202202202202202,-3.1738339257399364,-3.266562667093709
2016-05-03,student,0.995,0.994,0.08008008008008008,-1.5043545430717349,0.106,0.02002002002002002,0.18018018018018017,0.14,0.04004004004004004,0.2202202202202202,-3.1174603913264463,-3.209660719549913
2016-05-04,bb7,0.996,0.995,0.10010010010010009,-0.6595268724074899,0.118,0.02002002002002002,0.18018018018018017,0.14,0.04004004004004004,0.2202202202202202,-3.0794517829848065,-3.185768828372381
2016-05-05,bb7,0.995,0.995,0.10010010010010009,0.262203896338995,0.098,0.02002002002002002,0.18018018018018017,0.114,0.04004004004004004,0.2202202202202202,-3.1524301373761046,-3.261066155487796
2016-05-06,student,0.995,0.99,0.10010010010010009,0.635578959080245,0.106,0.02002002002002002,0.18018018018018017,0.14,0.04004004004004004,0.2202202202202202,-2.9506685607446315,-3.057734102746244
2016-05-09,student,0.995,0.995,0.10010010010010009,1.9033406097160053,0.082,0.02002002002002002,0.18018018018018017,0.116,0.04004004004004004,0.2202202202202202,-2.8842772706417237,-2.9772040982133112
2016-05-10,student,0.996,0.995,0.10010010010010009,0.78164980458943,0.106,0.02002002002002002,0.18018018018018017,0.136,0.04004004004004004,0.2202202202202202,-2.9284638385896344,-3.0420959990713032
2016-05-11,student,0.995,0.995,0.10010010010010009,-1.655155968115555,0.106,0.02002002002002002,0.20020020020020018,0.16,0.06006006006006006,0.2802802802802803,-2.788654727632352,-2.8960249491731775
2016-05-12,student,0.995,0.994,0.10010010010010009,1.27503188526246,0.1,0.02002002002002002,0.20020020020020018,0.16,0.06006006006006006,0.2802802802802803,-3.0649546871456894,-3.1877577043559078
2016-05-13,student,0.995,0.995,0.10010010010010009,-1.0914288870499949,0.09,0.02002002002002002,0.20020020020020018,0.156,0.06006006006006006,0.2802802802802803,-2.8514506251937957,-2.9794112626170337
2016-05-16,student,0.995,0.995,0.08008008008008008,-1.9063253221863248,0.094,0.02002002002002002,0.20020020020020018,0.156,0.06006006006006006,0.2802802802802803,-2.9554672146431895,-3.103517328988483
2016-05-17,student,0.995,0.995,0.08008008008008008,-0.01673297166543,0.1,0.02002002002002002,0.20020020020020018,0.16,0.06006006006006006,0.2802802802802803,-3.406257192223282,-3.5067588724415506
2016-05-18,student,0.995,0.994,0.08008008008008008,0.687329161194595,0.09,0.02002002002002002,0.20020020020020018,0.146,0.06006006006006006,0.2802802802802803,-3.1095610919774885,-3.2081128159594727
2016-05-19,student,0.994,0.992,0.06006006006006006,-2.22587367687471,0.108,0.02002002002002002,0.18018018018018017,0.158,0.06006006006006006,0.2602602602602602,-3.089483182925343,-3.212539043366717
2016-05-20,student,0.994,0.992,0.06006006006006006,-0.564774567418185,0.122,0.02002002002002002,0.18018018018018017,0.176,0.06006006006006006,0.2602602602602602,-3.414370804276786,-3.54806678822093
2016-05-23,student,0.989,0.984,0.06006006006006006,-1.437446127157555,0.096,0.02002002002002002,0.18018018018018017,0.164,0.06006006006006006,0.2602602602602602,-3.1161894443696663,-3.238886681589176
2016-05-24,student,0.989,0.984,0.06006006006006006,0.31502389174078,0.112,0.02002002002002002,0.18018018018018017,0.178,0.06006006006006006,0.2602602602602602,-3.2196472875243627,-3.3722930825657547
2016-05-25,student,0.994,0.992,0.08008008008008008,2.4973734419971003,0.096,0.02002002002002002,0.18018018018018017,0.146,0.06006006006006006,0.2602602602602602,-2.9777478964420174,-3.1089927819847762
2016-05-26,student,0.994,0.992,0.08008008008008008,3.563593414412385,0.104,0.02002002002002002,0.18068068068068022,0.156,0.06006006006006006,0.2602602602602602,-3.080532045021062,-3.198382720299469
2016-05-27,student,0.994,0.992,0.08008008008008008,3.63063692334974,0.12,0.02002002002002002,0.18068068068068022,0.176,0.06006006006006006,0.2602602602602602,-3.176284272594504,-3.321043048665074
2016-05-30,student,0.994,0.989,0.08008008008008008,1.54651651524497,0.104,0.02002002002002002,0.18068068068068022,0.154,0.06006006006006006,0.2602602602602602,-3.350239776656824,-3.4662120571064188
2016-05-31,student,0.995,0.994,0.08008008008008008,0.75763911601857,0.102,0.02002002002002002,0.18068068068068022,0.154,0.06006006006006006,0.2602602602602602,-3.490136343271868,-3.6167984411917073
2016-06-01,student,0.994,0.992,0.08008008008008008,-1.2809012267814501,0.12,0.02002002002002002,0.18018018018018017,0.16,0.06006006006006006,0.2602602602602602,-3.372781444560015,-3.4874189766765533
2016-06-02,student,0.994,0.994,0.08008008008008008,0.709685396224135,0.108,0.02002002002002002,0.18018018018018017,0.148,0.06006006006006006,0.2602602602602602,-3.617242995483889,-3.709032709968314
2016-06-03,student,0.995,0.994,0.08008008008008008,-0.13056706732518997,0.112,0.02002002002002002,0.18018018018018017,0.158,0.06006006006006006,0.2602602602602602,-3.3747692153975084,-3.504636588678258
2016-06-06,student,0.995,0.994,0.08008008008008008,0.57561892841075,0.086,0.02002002002002002,0.18018018018018017,0.138,0.06006006006006006,0.2602602602602602,-3.233335331690225,-3.3278607710809625
2016-06-07,student,0.995,0.994,0.08008008008008008,2.38054877885124,0.1,0.02002002002002002,0.18018018018018017,0.144,0.06006006006006006,0.2602602602602602,-3.18955951490062,-3.2954024522778096
2016-06-08,student,0.994,0.989,0.08008008008008008,-0.642713326985185,0.136,0.02002002002002002,0.18018018018018017,0.188,0.06006006006006006,0.2602602602602602,-3.32638873488017,-3.4607343425651225
2016-06-09,student,0.994,0.989,0.08008008008008008,-1.77014439574045,0.09,0.02002002002002002,0.18018018018018017,0.146,0.06006006006006006,0.2602602602602602,-3.423694399361926,-3.5296965343558098
2016-06-10,student,0.994,0.989,0.08008008008008008,-1.168894898454275,0.096,0.02002002002002002,0.18018018018018017,0.164,0.06006006006006006,0.2602602602602602,-3.4909715711260105,-3.5761482326417853
2016-06-13,student,0.994,0.989,0.08008008008008008,-1.005111068083865,0.114,0.02002002002002002,0.18018018018018017,0.164,0.06006006006006006,0.2602602602602602,-3.3144541518707333,-3.420997880678638
2016-06-14,student,0.994,0.989,0.08008008008008008,1.19044623719863,0.114,0.02002002002002002,0.18018018018018017,0.162,0.06006006006006006,0.2602602602602602,-3.271528346845722,-3.3628616391870727
2016-06-15,student,0.992,0.987,0.08008008008008008,2.6029177063863753,0.12,0.02002002002002002,0.18018018018018017,0.184,0.06006006006006006,0.2602602602602602,-3.1547118204964244,-3.2902304669643043
2016-06-16,student,0.992,0.986,0.08008008008008008,-0.177821239784055,0.126,0.02002002002002002,0.18018018018018017,0.172,0.06006006006006006,0.2602602602602602,-3.2094630556404358,-3.3088956935754097
2016-06-17,student,0.993,0.988,0.08008008008008008,-0.8685688741845599,0.108,0.02002002002002002,0.18018018018018017,0.142,0.06006006006006006,0.2602602602602602,-3.2673271102691377,-3.3236585729515546
2016-06-20,student,0.994,0.988,0.08008008008008008,1.795435029253785,0.088,0.02002002002002002,0.18018018018018017,0.146,0.06006006006006006,0.2602602602602602,-3.185472890857629,-3.278985851344133
2016-06-21,student,0.994,0.992,0.08008008008008008,-0.55170730351094,0.106,0.02002002002002002,0.18018018018018017,0.176,0.06006006006006006,0.2602602602602602,-3.179945890920517,-3.321125156335611
2016-06-22,student,0.996,0.994,0.08008008008008008,-0.5320203256749501,0.126,0.02002002002002002,0.18018018018018017,0.178,0.06006006006006006,0.2602602602602602,-3.093930599161807,-3.193750280304294
2016-06-23,student,0.997,0.994,0.08008008008008008,1.58215669535306,0.11,0.02002002002002002,0.18018018018018017,0.156,0.06006006006006006,0.2602602602602602,-2.930783853385629,-3.0331764886224493
2016-06-24,student,0.997,0.994,0.08008008008008008,-2.1779506115307203,0.13,0.02002002002002002,0.18018018018018017,0.19,0.06006006006006006,0.2602602602602602,-3.0525964087394932,-3.1654621829915732
2016-06-27,student,0.998,0.995,0.08008008008008008,0.17636807827038004,0.084,0.02002002002002002,0.18018018018018017,0.132,0.06006006006006006,0.2602602602602602,-3.1174323113023865,-3.2081521320703734
2016-06-28,student,0.996,0.994,0.08008008008008008,-0.591836105625015,0.132,0.02002002002002002,0.18018018018018017,0.182,0.06006006006006006,0.2602602602602602,-3.1032914247432237,-3.2381192006412194
2016-06-29,student,0.995,0.994,0.08008008008008008,1.057870492725745,0.118,0.02002002002002002,0.18018018018018017,0.182,0.06006006006006006,0.2602602602602602,-3.201717293138553,-3.3117839037717793
2016-06-30,student,0.996,0.994,0.08008008008008008,0.10929058542066,0.112,0.02002002002002002,0.18018018018018017,0.15,0.06006006006006006,0.2602602602602602,-2.9743277363907015,-3.0556132337099386
2016-07-01,student,0.996,0.994,0.08008008008008008,0.250755576761575,0.1,0.02002002002002002,0.18018018018018017,0.142,0.06006006006006006,0.2602602602602602,-2.9093374342601668,-2.989977903681598
2016-07-04,student,0.995,0.994,0.08008008008008008,1.25837543636801,0.08,0.02002002002002002,0.18018018018018017,0.126,0.06006006006006006,0.2602602602602602,-2.755577578875602,-2.8493140995475055
2016-07-05,student,0.995,0.994,0.08008008008008008,-0.24827184278047498,0.114,0.02002002002002002,0.18018018018018017,0.18,0.06006006006006006,0.2602602602602602,-2.8581325746389465,-2.9933222871258676
2016-07-07,student,0.994,0.992,0.08008008008008008,-1.558062935897675,0.072,0.02002002002002002,0.18018018018018017,0.11,0.06006006006006006,0.2602602602602602,-2.6968204040446664,-2.7724316955620627
2016-07-08,student,0.994,0.99,0.08008008008008008,-0.35820520407128,0.114,0.02002002002002002,0.18018018018018017,0.176,0.06006006006006006,0.2602602602602602,-2.9612903865383324,-3.053403757888563
2016-07-11,student,0.994,0.989,0.08008008008008008,2.1669816958533,0.094,0.02002002002002002,0.18018018018018017,0.146,0.06006006006006006,0.2602602602602602,-2.851203263043718,-2.926914058612256
2016-07-12,student,0.998,0.996,0.08008008008008008,0.50684718541091,0.116,0.02002002002002002,0.18068068068068022,0.182,0.06006006006006006,0.2602602602602602,-2.8894578945122853,-3.0069369175833973
2016-07-13,student,0.995,0.994,0.08008008008008008,0.94783475083353,0.1,0.02002002002002002,0.18068068068068022,0.154,0.06006006006006006,0.2602602602602602,-2.8322988230914024,-2.9382614419807185
2016-07-14,student,0.998,0.996,0.08008008008008008,0.19490729244280003,0.098,0.02002002002002002,0.18068068068068022,0.158,0.06006006006006006,0.2602602602602602,-2.8830816675317275,-2.988824738285706
2016-07-15,student,0.998,0.997,0.08008008008008008,-4.72248514938583,0.066,0.02002002002002002,0.18068068068068022,0.108,0.06006006006006006,0.2602602602602602,-2.6480689428114155,-2.7035021829931325
2016-07-18,student,0.998,0.996,0.08008008008008008,-0.161228894744665,0.126,0.02002002002002002,0.18018018018018017,0.19,0.06006006006006006,0.2602602602602602,-3.5905095442116064,-3.726491833403984
2016-07-19,student,0.998,0.996,0.08008008008008008,0.41598434360179,0.088,0.02002002002002002,0.18018018018018017,0.142,0.06006006006006006,0.2602602602602602,-2.7626667326510916,-2.851999693038337
2016-07-20,bb7,0.994,0.994,0.08008008008008008,0.15899372568040498,0.074,0.02002002002002002,0.18018018018018017,0.122,0.06006006006006006,0.2602602602602602,-2.5939782041860835,-2.6654802028529576
2016-07-21,student,0.995,0.994,0.08008008008008008,-1.352019852471785,0.086,0.02002002002002002,0.18018018018018017,0.142,0.06006006006006006,0.2602602602602602,-2.627288599964343,-2.7042405506440916
2016-07-22,student,0.998,0.995,0.08008008008008008,-0.8248277745189,0.106,0.02002002002002002,0.18018018018018017,0.158,0.06006006006006006,0.2602602602602602,-2.8821049618682677,-2.9754084319385665
2016-07-25,student,0.994,0.994,0.08008008008008008,1.80175078380709,0.108,0.02002002002002002,0.18018018018018017,0.15,0.06006006006006006,0.2602602602602602,-2.9027904022014743,-3.0041653690161683
2016-07-26,student,0.998,0.996,0.08008008008008008,-0.33901829184479,0.11,0.02002002002002002,0.18018018018018017,0.164,0.06006006006006006,0.2602602602602602,-2.7707280977494717,-2.8703611578087598
2016-07-27,student,0.998,0.995,0.08008008008008008,0.4051808625838801,0.092,0.02002002002002002,0.18018018018018017,0.136,0.06006006006006006,0.2602602602602602,-2.92559245873703,-3.0099692336623636
2016-07-28,student,0.998,0.995,0.08008008008008008,0.017295407724379985,0.086,0.02002002002002002,0.18018018018018017,0.148,0.06006006006006006,0.2602602602602602,-2.8149583016746855,-2.9121609582128096
2016-07-29,student,0.998,0.995,0.08008008008008008,-0.51718465216704,0.082,0.02002002002002002,0.18018018018018017,0.142,0.06006006006006006,0.2602602602602602,-2.8412515515669736,-2.935348442093614
2016-08-01,bb7,0.994,0.994,0.08008008008008008,0.06816917723481986,0.082,0.02002002002002002,0.18018018018018017,0.126,0.06006006006006006,0.2602602602602602,-2.864804931386791,-2.9447115011557887
2016-08-02,student,0.994,0.993,0.08008008008008008,0.09786644122593999,0.122,0.02002002002002002,0.18018018018018017,0.182,0.06006006006006006,0.2602602602602602,-3.084355181471583,-3.1752843429720814
2016-08-03,student,0.994,0.993,0.08008008008008008,-0.25717130030497,0.09,0.02002002002002002,0.18018018018018017,0.154,0.06006006006006006,0.2602602602602602,-2.7318334976135183,-2.8507105066200453
2016-08-04,bb7,0.994,0.993,0.08008008008008008,-0.8285042592587,0.148,0.02002002002002002,0.18018018018018017,0.192,0.06006006006006006,0.2602602602602602,-2.962503366448491,-3.0857249979597547
2016-08-05,student,0.994,0.993,0.08008008008008008,1.37139948398168,0.104,0.02002002002002002,0.18018018018018017,0.174,0.06006006006006006,0.2602602602602602,-2.850508992936379,-2.9719125405377214
2016-08-08,student,0.998,0.995,0.08008008008008008,0.60574111331029,0.102,0.02002002002002002,0.18018018018018017,0.154,0.06006006006006006,0.2602602602602602,-2.6566955760138034,-2.7445219418208353
2016-08-09,student,0.996,0.994,0.08008008008008008,0.623011895844765,0.104,0.02002002002002002,0.18018018018018017,0.148,0.06006006006006006,0.2602602602602602,-2.772454655423038,-2.8582275607884955
2016-08-10,student,0.997,0.995,0.08008008008008008,-0.8306702483060049,0.086,0.02002002002002002,0.18018018018018017,0.134,0.06006006006006006,0.2602602602602602,-2.657506617133439,-2.7491214845042244
2016-08-11,bb7,0.996,0.994,0.08008008008008008,-1.17997472124484,0.072,0.02002002002002002,0.18018018018018017,0.118,0.06006006006006006,0.2602602602602602,-2.684312192155454,-2.7557800374097394
2016-08-12,student,0.996,0.995,0.08008008008008008,2.7426015347757806,0.122,0.02002002002002002,0.18018018018018017,0.156,0.06006006006006006,0.2602602602602602,-2.8951946608523023,-2.9846522903542616
2016-08-16,student,0.994,0.991,0.08008008008008008,0.19559090633519505,0.12,0.02002002002002002,0.18068068068068022,0.178,0.06006006006006006,0.2602602602602602,-3.1614875997735243,-3.285718659249821
2016-08-17,student,0.994,0.991,0.08008008008008008,-0.9886917808943,0.102,0.02002002002002002,0.18068068068068022,0.162,0.06006006006006006,0.2602602602602602,-3.247072404556703,-3.3870021228821434
2016-08-18,student,0.994,0.991,0.08008008008008008,-0.046705734409115074,0.1,0.02002002002002002,0.18018018018018017,0.14,0.06006006006006006,0.2602602602602602,-3.248822024912215,-3.3503081854226857
2016-08-19,student,0.993,0.991,0.08008008008008008,1.890060506790875,0.11,0.02002002002002002,0.18018018018018017,0.15,0.06006006006006006,0.2602602602602602,-3.0321823429447567,-3.125022692772631
2016-08-22,student,0.993,0.991,0.08008008008008008,-1.008059339311165,0.092,0.02002002002002002,0.18018018018018017,0.148,0.06006006006006006,0.2602602602602602,-3.153749902733349,-3.27829904629234
2016-08-23,student,0.994,0.993,0.08008008008008008,1.167797103663145,0.108,0.02002002002002002,0.18018018018018017,0.158,0.06006006006006006,0.2602602602602602,-3.1766635456888492,-3.2841119734362283
2016-08-24,student,0.994,0.993,0.08008008008008008,0.77770504298964,0.086,0.02002002002002002,0.18018018018018017,0.122,0.06006006006006006,0.2602602602602602,-3.115871464293444,-3.211041499781546
2016-08-25,student,0.994,0.991,0.08008008008008008,-1.85740966409537,0.132,0.02002002002002002,0.18018018018018017,0.176,0.06006006006006006,0.2602602602602602,-3.071704923338057,-3.1854731472826243
2016-08-26,student,0.991,0.986,0.08008008008008008,-1.4878723988960099,0.082,0.02002002002002002,0.18018018018018017,0.094,0.04004004004004004,0.20020020020020018,-2.9919744547240206,-3.075434772269069
2016-08-29,student,0.994,0.991,0.08008008008008008,0.61912010901427,0.094,0.02002002002002002,0.18018018018018017,0.122,0.04004004004004004,0.20020020020020018,-3.0353826728107562,-3.117155499270563
2016-08-30,student,0.994,0.991,0.08008008008008008,1.4914096519969302,0.102,0.02002002002002002,0.18018018018018017,0.116,0.04004004004004004,0.20020020020020018,-2.8458040414035772,-2.9328658681588275
2016-08-31,student,0.993,0.99,0.08008008008008008,-0.169616439987275,0.112,0.02002002002002002,0.18018018018018017,0.128,0.04004004004004004,0.20020020020020018,-2.9683011923356606,-3.0491548077635007
2016-09-01,student,0.993,0.989,0.08008008008008008,-0.017104489848724994,0.116,0.02002002002002002,0.18018018018018017,0.134,0.04004004004004004,0.20020020020020018,-2.844116951660317,-2.930514919698954
2016-09-02,student,0.993,0.989,0.08008008008008008,0.23778760597488008,0.106,0.02002002002002002,0.18018018018018017,0.13,0.04004004004004004,0.20020020020020018,-2.784087871522888,-2.8692862735519937
2016-09-06,student,0.994,0.991,0.08008008008008008,1.7017998915849302,0.102,0.02002002002002002,0.18018018018018017,0.124,0.04004004004004004,0.20020020020020018,-2.742560441900682,-2.8290990632138153
2016-09-07,student,0.994,0.99,0.08008008008008008,1.7170249463162102,0.096,0.02002002002002002,0.18018018018018017,0.106,0.04004004004004004,0.20020020020020018,-2.792623642362009,-2.878821470337662
2016-09-08,student,0.994,0.993,0.08008008008008008,-0.5086568888622349,0.12,0.02002002002002002,0.18018018018018017,0.174,0.06006006006006006,0.2602602602602602,-2.7902719745854814,-2.907741351516029
2016-09-09,student,0.995,0.993,0.08008008008008008,-0.90191406780069,0.098,0.02002002002002002,0.18018018018018017,0.116,0.04004004004004004,0.2202202202202202,-2.762184734415353,-2.8396670712692065
2016-09-12,student,0.994,0.99,0.08008008008008008,-1.310937775107765,0.1,0.02002002002002002,0.18018018018018017,0.114,0.04004004004004004,0.2202202202202202,-2.8602177937596216,-2.9345392484619053
2016-09-14,student,0.994,0.994,0.08008008008008008,0.5405593965787749,0.092,0.02002002002002002,0.18018018018018017,0.156,0.06006006006006006,0.2602602602602602,-3.1923468741639915,-3.332724703043466
2016-09-15,student,0.994,0.993,0.08008008008008008,-0.464666805478835,0.124,0.02002002002002002,0.18018018018018017,0.154,0.06006006006006006,0.2602602602602602,-2.9275843960529015,-3.033655717475867
2016-09-16,student,0.994,0.993,0.08008008008008008,0.5206847790236799,0.08,0.02002002002002002,0.18018018018018017,0.124,0.06006006006006006,0.2602602602602602,-2.9022072289250485,-2.996760343666353
2016-09-19,student,0.994,0.993,0.08008008008008008,0.314217572244265,0.088,0.02002002002002002,0.18018018018018017,0.128,0.06006006006006006,0.2602602602602602,-3.0268499705866456,-3.1351332204425253
2016-09-20,student,0.995,0.994,0.08008008008008008,-0.7586046920176049,0.094,0.02002002002002002,0.18018018018018017,0.136,0.06006006006006006,0.2602602602602602,-2.8474061582291887,-2.936551747010042
2016-09-21,student,0.994,0.994,0.08008008008008008,-0.38678268937019505,0.104,0.02002002002002002,0.18018018018018017,0.158,0.06006006006006006,0.2602602602602602,-2.8938671118965575,-2.997718955059057
2016-09-22,student,0.998,0.995,0.08008008008008008,1.470321585554285,0.106,0.02002002002002002,0.18018018018018017,0.152,0.06006006006006006,0.2602602602602602,-2.8239936531915615,-2.924685218710648
2016-09-23,student,0.998,0.995,0.08008008008008008,-1.42704740230717,0.094,0.02002002002002002,0.18018018018018017,0.142,0.06006006006006006,0.2602602602602602,-2.6871106101726805,-2.768320792656022
2016-09-26,student,0.998,0.994,0.08008008008008008,-0.8928606066218899,0.112,0.02002002002002002,0.18018018018018017,0.174,0.06006006006006006,0.2602602602602602,-2.88561587482081,-2.996521576108351
2016-09-27,student,0.998,0.994,0.08008008008008008,-0.3438325907831701,0.07,0.02002002002002002,0.18018018018018017,0.104,0.06006006006006006,0.2602602602602602,-2.800054929274256,-2.8998549784066094
2016-09-28,student,0.993,0.99,0.08008008008008008,0.9063463692094901,0.094,0.02002002002002002,0.18018018018018017,0.154,0.06006006006006006,0.2602602602602602,-2.7358237147639812,-2.8461930842177035
2016-09-29,student,0.993,0.99,0.08008008008008008,-1.7689227643381749,0.076,0.02002002002002002,0.18018018018018017,0.122,0.06006006006006006,0.2602602602602602,-2.6049947826123097,-2.6854795712415003
2016-09-30,student,0.996,0.994,0.08008008008008008,1.13410661237823,0.096,0.02002002002002002,0.18018018018018017,0.152,0.06006006006006006,0.2602602602602602,-2.9999843888828845,-3.10323745939766
2016-10-03,student,0.997,0.994,0.08008008008008008,0.8983769373518049,0.1,0.02002002002002002,0.18018018018018017,0.138,0.06006006006006006,0.2602602602602602,-2.7211185844945223,-2.815583113262159
2016-10-04,student,0.997,0.994,0.08008008008008008,1.39580123061027,0.084,0.02002002002002002,0.18018018018018017,0.13,0.06006006006006006,0.2602602602602602,-2.778819481993416,-2.841374012672189
2016-10-05,student,0.993,0.991,0.08008008008008008,-0.15699213245678503,0.096,0.02002002002002002,0.18018018018018017,0.158,0.06006006006006006,0.2602602602602602,-2.8024132317059465,-2.916941541050877
2016-10-06,student,0.994,0.993,0.08008008008008008,-1.4639376996639952,0.098,0.02002002002002002,0.18018018018018017,0.146,0.06006006006006006,0.2602602602602602,-2.744498417387051,-2.83465644453345
2016-10-07,student,0.998,0.995,0.08008008008008008,-0.35939704743366996,0.102,0.02002002002002002,0.18018018018018017,0.146,0.06006006006006006,0.2602602602602602,-2.8203802763020667,-2.9256256829848666
2016-10-10,student,0.996,0.993,0.08008008008008008,0.4443930015261799,0.1,0.02002002002002002,0.18018018018018017,0.164,0.06006006006006006,0.2602602602602602,-2.8242103623069226,-2.9437067826378933
2016-10-13,student,0.997,0.993,0.08008008008008008,-0.29715534239526487,0.096,0.02002002002002002,0.18018018018018017,0.146,0.06006006006006006,0.2602602602602602,-2.9428365282799995,-3.082612560444105
2016-10-14,student,0.996,0.993,0.08008008008008008,-0.7235944634274349,0.084,0.02002002002002002,0.18018018018018017,0.136,0.04004004004004004,0.2602602602602602,-3.119665909685573,-3.2335275793829834
2016-10-17,student,0.998,0.995,0.08008008008008008,-0.01406024072402498,0.09,0.02002002002002002,0.18018018018018017,0.15,0.04004004004004004,0.24024024024024024,-2.7465858912501226,-2.826511099663391
2016-10-18,student,0.998,0.994,0.08008008008008008,1.5330576239380451,0.1,0.02002002002002002,0.18018018018018017,0.15,0.04004004004004004,0.2602602602602602,-2.7088369627851403,-2.808912782106473
2016-10-19,student,0.99,0.985,0.08008008008008008,-0.160631595537825,0.08,0.02002002002002002,0.18018018018018017,0.13,0.04004004004004004,0.2602602602602602,-2.7746818713307,-2.9660434772875934
2016-10-20,student,0.992,0.985,0.08008008008008008,0.6831905476253449,0.088,0.02002002002002002,0.18018018018018017,0.164,0.04004004004004004,0.2602602602602602,-2.788561933841411,-2.907514921555261
2016-10-21,student,0.993,0.987,0.08008008008008008,0.28516203798970996,0.104,0.02002002002002002,0.18018018018018017,0.168,0.04004004004004004,0.2602602602602602,-2.81834593754619,-2.9512499276613218
2016-10-24,student,0.993,0.986,0.08008008008008008,0.3111506371493499,0.096,0.02002002002002002,0.18018018018018017,0.104,0.04004004004004004,0.20020020020020018,-2.746779773534955,-2.8257267892821836
2016-10-25,student,0.993,0.987,0.08008008008008008,-0.770318789699385,0.072,0.02002002002002002,0.18018018018018017,0.088,0.04004004004004004,0.20020020020020018,-2.7130210231471166,-2.7980388746928178
2016-10-26,student,0.992,0.985,0.08008008008008008,-0.666725717002115,0.114,0.02002002002002002,0.18018018018018017,0.128,0.04004004004004004,0.20020020020020018,-2.7833231103803318,-2.83545617968956
2016-10-27,student,0.996,0.993,0.08008008008008008,-1.1818767457786699,0.088,0.02002002002002002,0.18018018018018017,0.162,0.04004004004004004,0.2602602602602602,-2.8470151969272046,-2.980786875947065
2016-10-28,student,0.998,0.994,0.08008008008008008,0.20657273463555004,0.092,0.02002002002002002,0.18018018018018017,0.128,0.06006006006006006,0.2602602602602602,-2.6470735424606953,-2.7611527324361376
2016-11-01,student,0.998,0.994,0.08008008008008008,-0.22136141377343496,0.106,0.02002002002002002,0.18018018018018017,0.15,0.04004004004004004,0.2602602602602602,-2.689993491574992,-2.7958668656256043
2016-11-02,student,0.998,0.994,0.08008008008008008,-1.97543373427194,0.106,0.02002002002002002,0.18018018018018017,0.17,0.04004004004004004,0.2602602602602602,-2.699516836552066,-2.81062581239315
2016-11-03,student,0.996,0.993,0.08008008008008008,-1.81623194099005,0.092,0.02002002002002002,0.18018018018018017,0.14,0.059559559559559584,0.2602602602602602,-2.865417652255567,-2.9927337772909985
2016-11-04,student,0.993,0.986,0.08008008008008008,-0.35902392999268,0.096,0.02002002002002002,0.18018018018018017,0.11,0.04004004004004004,0.20020020020020018,-2.8637384178283782,-2.952298498764164
2016-11-07,student,0.995,0.993,0.08008008008008008,2.34453867165099,0.098,0.02002002002002002,0.18018018018018017,0.164,0.04004004004004004,0.2602602602602602,-2.827354697958605,-2.9324277782551342
2016-11-08,student,0.998,0.994,0.08008008008008008,0.22728947341715502,0.074,0.02002002002002002,0.18018018018018017,0.114,0.04004004004004004,0.2602602602602602,-2.8606408340270604,-2.975658728927602
2016-11-09,student,0.998,0.993,0.08008008008008008,0.18177256138713016,0.1,0.02002002002002002,0.18018018018018017,0.152,0.04004004004004004,0.2602602602602602,-2.822494948550325,-2.9481491299949645
2016-11-10,student,0.995,0.993,0.08008008008008008,2.9410332259733654,0.088,0.02002002002002002,0.18018018018018017,0.132,0.04004004004004004,0.24024024024024024,-2.874858181655965,-2.9694333434170614
2016-11-11,student,0.993,0.988,0.10010010010010009,-2.456715447548195,0.08,0.02002002002002002,0.18018018018018017,0.126,0.04004004004004004,0.24024024024024024,-3.1950617644680035,-3.3089953066945728
2016-11-15,student,0.995,0.993,0.08008008008008008,1.05180101742662,0.11,0.02002002002002002,0.18018018018018017,0.162,0.04004004004004004,0.2602602602602602,-3.67174878664174,-3.8197213681866775
2016-11-16,student,0.994,0.992,0.08008008008008008,0.750564927293625,0.088,0.02002002002002002,0.18018018018018017,0.142,0.04004004004004004,0.2602602602602602,-3.335722839905714,-3.4580401682436923
2016-11-17,student,0.994,0.991,0.08008008008008008,-0.548303654373605,0.096,0.02002002002002002,0.18018018018018017,0.172,0.04004004004004004,0.2602602602602602,-3.4184281243350703,-3.550145080152036
2016-11-18,student,0.994,0.992,0.08008008008008008,-0.828022348544045,0.088,0.02002002002002002,0.18018018018018017,0.136,0.04004004004004004,0.2602602602602602,-3.2064973509180557,-3.33542154742622
2016-11-21,student,0.993,0.989,0.08008008008008008,-3.9480035713946298,0.09,0.02002002002002002,0.18018018018018017,0.142,0.04004004004004004,0.2602602602602602,-3.0668713666982583,-3.1689041804297613
2016-11-22,student,0.994,0.992,0.08008008008008008,0.16982926903461498,0.094,0.02002002002002002,0.18018018018018017,0.142,0.04004004004004004,0.2602602602602602,-3.871559696861967,-4.029503694335754
2016-11-23,bb7,0.993,0.99,0.08008008008008008,0.581745744759365,0.07,0.02002002002002002,0.18018018018018017,0.126,0.059559559559559584,0.2602602602602602,-3.374842157563886,-3.4856310764969622
2016-11-24,student,0.993,0.99,0.08008008008008008,1.138791562223925,0.096,0.02002002002002002,0.18018018018018017,0.14,0.059559559559559584,0.2602602602602602,-3.3033542892855317,-3.4063112944830145
2016-11-25,student,0.993,0.989,0.08008008008008008,2.32150704953832,0.094,0.02002002002002002,0.18018018018018017,0.142,0.059559559559559584,0.2602602602602602,-3.3423549137054835,-3.453184758966159
2016-11-28,student,0.993,0.99,0.08008008008008008,-1.323435410474895,0.092,0.02002002002002002,0.18018018018018017,0.162,0.06006006006006006,0.2602602602602602,-3.899793470236287,-4.079786302391988
2016-11-29,bb7,0.995,0.993,0.10010010010010009,-0.534129808212435,0.074,0.02002002002002002,0.18018018018018017,0.096,0.06006006006006006,0.2602602602602602,-3.235206123320764,-3.345660382981654
2016-11-30,student,0.994,0.991,0.10010010010010009,1.2570455910648,0.09,0.02002002002002002,0.18018018018018017,0.162,0.06006006006006006,0.2602602602602602,-3.290838845170567,-3.4532107999485016
2016-12-01,bb7,0.995,0.993,0.10010010010010009,-0.5227483868049154,0.108,0.02002002002002002,0.18018018018018017,0.15,0.06006006006006006,0.2602602602602602,-2.999881978278304,-3.147577056440965
2016-12-02,student,0.993,0.991,0.10010010010010009,-0.87620857309431,0.088,0.02002002002002002,0.18018018018018017,0.154,0.06006006006006006,0.2602602602602602,-3.1601948727646514,-3.2861450708057744
2016-12-05,student,0.993,0.991,0.10010010010010009,0.399985154572125,0.102,0.02002002002002002,0.18018018018018017,0.156,0.06006006006006006,0.2602602602602602,-3.0835468571511884,-3.219749406015593
2016-12-06,bb7,0.991,0.989,0.10010010010010009,0.67790403710922,0.08,0.02002002002002002,0.18018018018018017,0.128,0.06006006006006006,0.2602602602602602,-2.9307983544556575,-3.0418975442818335
2016-12-07,bb7,0.992,0.989,0.10010010010010009,-0.68519196169551,0.106,0.02002002002002002,0.18018018018018017,0.148,0.06006006006006006,0.2602602602602602,-2.851044430803904,-2.9862872186311646
2016-12-08,bb7,0.998,0.994,0.10010010010010009,1.76958432643001,0.108,0.02002002002002002,0.18018018018018017,0.15,0.06006006006006006,0.2602602602602602,-2.91451691494844,-3.0481155986860915
2016-12-09,bb7,0.995,0.993,0.10010010010010009,1.52008847443664,0.086,0.02002002002002002,0.18018018018018017,0.134,0.06006006006006006,0.2602602602602602,-2.8625658431703997,-2.983343089902591
2016-12-12,student,0.995,0.993,0.10010010010010009,-1.175876451424075,0.1,0.02002002002002002,0.18018018018018017,0.176,0.059559559559559584,0.2602602602602602,-2.860970117833975,-2.9920137251235333
2016-12-13,bb7,0.998,0.994,0.10010010010010009,1.124969251224385,0.074,0.02002002002002002,0.18018018018018017,0.13,0.06006006006006006,0.2602602602602602,-2.928085287071541,-3.0397725025689657
2016-12-14,bb7,0.998,0.994,0.10010010010010009,-0.13439947869812496,0.086,0.02002002002002002,0.18018018018018017,0.138,0.06006006006006006,0.2602602602602602,-2.8528132821451777,-2.9501503165194536
2016-12-15,student,0.997,0.994,0.10010010010010009,0.10174974875887,0.098,0.02002002002002002,0.18018018018018017,0.16,0.059559559559559584,0.2602602602602602,-3.026404989126395,-3.1591753682878463
2016-12-16,bb7,0.998,0.994,0.10010010010010009,0.518205219330625,0.1,0.02002002002002002,0.18018018018018017,0.144,0.059559559559559584,0.2602602602602602,-2.8020747021205032,-2.9229592455274633
2016-12-19,bb7,0.996,0.993,0.10010010010010009,-0.671149605030205,0.094,0.02002002002002002,0.18018018018018017,0.136,0.059559559559559584,0.2602602602602602,-2.830855035748202,-2.955067790619453
2016-12-20,student,0.995,0.993,0.10010010010010009,-0.9462910274833201,0.086,0.02002002002002002,0.18018018018018017,0.146,0.059559559559559584,0.2602602602602602,-2.810892427504195,-2.914408453200973
2016-12-21,student,0.99,0.987,0.10010010010010009,-0.36949296354488004,0.096,0.02002002002002002,0.18018018018018017,0.146,0.04004004004004004,0.2602602602602602,-2.968915848746762,-3.1180767678310692
2016-12-22,student,0.998,0.994,0.10010010010010009,-1.94708919564175,0.086,0.02002002002002002,0.18018018018018017,0.15,0.04004004004004004,0.24074074074074028,-2.885084277399512,-3.0070857402834763
2016-12-23,student,0.998,0.994,0.10010010010010009,0.05977424963273001,0.1,0.02002002002002002,0.18018018018018017,0.17,0.059559559559559584,0.2602602602602602,-2.9195036267666254,-3.0581307376446376
2016-12-26,student,0.998,0.994,0.10010010010010009,-1.29253579314228,0.092,0.02002002002002002,0.18018018018018017,0.15,0.059559559559559584,0.2602602602602602,-2.73944947780638,-2.851858203504934
2016-12-27,student,0.998,0.994,0.10010010010010009,1.74054035264108,0.1,0.02002002002002002,0.18018018018018017,0.146,0.059559559559559584,0.2602602602602602,-2.8164426862811873,-2.920360992637593
2016-12-28,student,0.998,0.994,0.10010010010010009,-0.223947452557415,0.106,0.02002002002002002,0.18018018018018017,0.15,0.059559559559559584,0.2602602602602602,-2.8675545820733594,-2.9640185473131124
2016-12-29,student,0.998,0.994,0.10010010010010009,-0.32909674587592497,0.096,0.02002002002002002,0.18018018018018017,0.152,0.06006006006006006,0.2602602602602602,-2.7881721768194105,-2.914324661458142
2016-12-30,student,0.998,0.997,0.10010010010010009,1.42339470626491,0.112,0.02002002002002002,0.18018018018018017,0.17,0.06006006006006006,0.2602602602602602,-2.832295696810167,-2.961469323566414
2017-01-02,student,0.998,0.994,0.10010010010010009,-1.808896672126135,0.094,0.02002002002002002,0.18018018018018017,0.142,0.06006006006006006,0.2602602602602602,-2.713674327952349,-2.8243957464165694
2017-01-03,student,0.998,0.994,0.10010010010010009,-0.09729651901835995,0.118,0.02002002002002002,0.18018018018018017,0.168,0.06006006006006006,0.2602602602602602,-3.0405210623690424,-3.175891659945318
2017-01-04,student,0.998,0.994,0.10010010010010009,-0.21419235942515497,0.076,0.02002002002002002,0.18018018018018017,0.12,0.06006006006006006,0.2602602602602602,-2.8062454423423002,-2.9280303388863067
2017-01-05,student,0.998,0.994,0.10010010010010009,0.42157019685041,0.086,0.02002002002002002,0.18018018018018017,0.136,0.06006006006006006,0.2602602602602602,-2.787216693774345,-2.8951757251218844
2017-01-06,student,0.998,0.994,0.10010010010010009,-1.102296923808455,0.098,0.02002002002002002,0.18018018018018017,0.132,0.06006006006006006,0.2602602602602602,-2.699099805674834,-2.7840211242334876
2017-01-09,student,0.998,0.994,0.10010010010010009,0.135482334908,0.086,0.02002002002002002,0.18018018018018017,0.146,0.06006006006006006,0.2602602602602602,-2.8223742675612593,-2.929078446110171
2017-01-10,student,0.998,0.994,0.10010010010010009,0.262656277791175,0.106,0.02002002002002002,0.18018018018018017,0.166,0.06006006006006006,0.2602602602602602,-2.7280167644679314,-2.861599329493278
2017-01-11,student,0.998,0.994,0.10010010010010009,0.69455550221572,0.092,0.02002002002002002,0.18018018018018017,0.162,0.06006006006006006,0.2602602602602602,-2.74516608670035,-2.863655253698704
2017-01-12,student,0.998,0.995,0.10010010010010009,1.3930951791330002,0.112,0.02002002002002002,0.18018018018018017,0.196,0.06006006006006006,0.2602602602602602,-2.8374682851718593,-2.9641035741920123
2017-01-13,student,0.998,0.995,0.10010010010010009,-1.29707637683053,0.104,0.02002002002002002,0.18018018018018017,0.16,0.06006006006006006,0.2602602602602602,-2.9781320017090094,-3.099860207837353
2017-01-16,student,0.999,0.998,0.08008008008008008,-0.08600238030121488,0.102,0.02002002002002002,0.18018018018018017,0.17,0.06006006006006006,0.2602602602602602,-2.8117061108893995,-2.9584421706274884
2017-01-17,student,0.999,0.998,0.08008008008008008,0.035781019557035,0.088,0.02002002002002002,0.18018018018018017,0.144,0.04004004004004004,0.2602602602602602,-2.657082625768006,-2.773178015316338
2017-01-18,student,0.999,0.998,0.08008008008008008,0.21556766112163503,0.114,0.02002002002002002,0.18018018018018017,0.162,0.059559559559559584,0.2602602602602602,-2.656924667670648,-2.776426337163983
2017-01-19,student,0.999,0.998,0.08008008008008008,0.39209416709241,0.09,0.02002002002002002,0.18018018018018017,0.126,0.06006006006006006,0.2602602602602602,-2.626845048216875,-2.72204863985351
2017-01-20,student,1.0,0.998,0.08008008008008008,-1.935814702338745,0.076,0.02002002002002002,0.18018018018018017,0.142,0.06006006006006006,0.2602602602602602,-2.661289371726742,-2.7659152484808036
2017-01-23,student,0.999,0.998,0.08008008008008008,0.824002661666015,0.084,0.02002002002002002,0.18018018018018017,0.14,0.06006006006006006,0.2602602602602602,-2.7415422105696057,-2.8220058135798847
2017-01-24,student,0.994,0.992,0.08008008008008008,-0.22932088491496502,0.088,0.02002002002002002,0.18018018018018017,0.138,0.06006006006006006,0.2602602602602602,-2.7333881246201446,-2.848300118793917
2017-01-25,student,0.994,0.993,0.08008008008008008,0.36089819092194,0.102,0.02002002002002002,0.18018018018018017,0.148,0.06006006006006006,0.2602602602602602,-2.7441543726446636,-2.870824194658669
2017-01-27,student,0.994,0.993,0.08008008008008008,1.67475040290371,0.084,0.02002002002002002,0.18018018018018017,0.14,0.06006006006006006,0.2602602602602602,-2.705885829872941,-2.8173209895113245
2017-01-30,student,0.994,0.993,0.08008008008008008,-0.09069977636121995,0.096,0.02002002002002002,0.18018018018018017,0.158,0.06006006006006006,0.2602602602602602,-2.8539780479076535,-2.9788544278673665
2017-01-31,student,0.995,0.994,0.08008008008008008,-1.7916123611087849,0.072,0.02002002002002002,0.18018018018018017,0.112,0.06006006006006006,0.2602602602602602,-2.688304247163528,-2.779319466969925
2017-02-01,student,0.995,0.994,0.08008008008008008,1.307056737296755,0.114,0.02002002002002002,0.18018018018018017,0.156,0.06006006006006006,0.2602602602602602,-2.9664986233693287,-3.098201345288841
2017-02-02,student,1.0,0.999,0.08008008008008008,1.5116323675686099,0.078,0.02002002002002002,0.18018018018018017,0.13,0.06006006006006006,0.2602602602602602,-2.9143924782617896,-3.0121515947074693
2017-02-03,student,0.999,0.999,0.10010010010010009,0.7822295720794751,0.1,0.02002002002002002,0.18018018018018017,0.162,0.06006006006006006,0.2602602602602602,-2.902443433204355,-3.0531045461738326
2017-02-06,student,0.994,0.994,0.08008008008008008,-0.13558066971166,0.074,0.02002002002002002,0.18018018018018017,0.138,0.06006006006006006,0.2602602602602602,-2.7400018667871158,-2.863385160435195
2017-02-07,student,0.996,0.994,0.08008008008008008,0.526005927134115,0.084,0.02002002002002002,0.18018018018018017,0.152,0.06006006006006006,0.2602602602602602,-2.774795914270707,-2.881822357799639
2017-02-08,student,0.997,0.995,0.08008008008008008,-0.432156066561035,0.098,0.02002002002002002,0.18018018018018017,0.152,0.06006006006006006,0.2602602602602602,-2.8497881934142235,-2.9380511756262297
2017-02-09,student,0.996,0.995,0.08008008008008008,0.260557753989265,0.08,0.02002002002002002,0.18018018018018017,0.142,0.06006006006006006,0.2602602602602602,-2.720820393675883,-2.833656415720323
2017-02-10,student,0.998,0.996,0.08008008008008008,1.25549960296635,0.086,0.02002002002002002,0.18018018018018017,0.138,0.06006006006006006,0.2602602602602602,-2.7921200463097238,-2.8993261992725543
2017-02-13,student,0.997,0.995,0.08008008008008008,-0.03569498587011488,0.104,0.02002002002002002,0.18018018018018017,0.158,0.06006006006006006,0.2602602602602602,-2.8848959677294252,-2.989297863854928
2017-02-14,student,0.997,0.995,0.08008008008008008,-0.09772411615542997,0.088,0.02002002002002002,0.18018018018018017,0.116,0.06006006006006006,0.2602602602602602,-2.65975947925816,-2.767249492507476
2017-02-15,student,0.996,0.995,0.08008008008008008,-0.53141737142659,0.076,0.02002002002002002,0.18018018018018017,0.138,0.06006006006006006,0.2602602602602602,-2.713503417598402,-2.8087806013644983
2017-02-16,student,0.997,0.995,0.08008008008008008,1.807085572410065,0.074,0.02002002002002002,0.18018018018018017,0.162,0.06006006006006006,0.2602602602602602,-2.705931546058636,-2.839716977231879
2017-02-17,student,0.996,0.995,0.08008008008008008,-0.8093926022077751,0.074,0.02002002002002002,0.18018018018018017,0.128,0.06006006006006006,0.2602602602602602,-2.8750360533630275,-2.9771786819327297
2017-02-20,student,0.997,0.995,0.08008008008008008,0.5605468725755101,0.09,0.02002002002002002,0.18018018018018017,0.16,0.06006006006006006,0.2602602602602602,-2.7179709138318766,-2.8296022693868594
2017-02-21,student,0.999,0.999,0.08008008008008008,0.359849376649285,0.086,0.02002002002002002,0.18018018018018017,0.136,0.06006006006006006,0.2602602602602602,-2.6363647826785965,-2.7125768143804225
2017-02-22,student,0.999,0.999,0.08008008008008008,-0.8757107613970201,0.086,0.02002002002002002,0.18018018018018017,0.132,0.06006006006006006,0.2602602602602602,-2.61795191382318,-2.708041739564726
2017-02-23,student,0.999,0.999,0.08008008008008008,0.594642807354465,0.086,0.02002002002002002,0.18018018018018017,0.148,0.06006006006006006,0.2602602602602602,-2.63308779870343,-2.736802781922169
2017-02-27,student,1.0,0.999,0.08008008008008008,-0.23276460476412003,0.074,0.02002002002002002,0.18018018018018017,0.108,0.059559559559559584,0.2602602602602602,-2.7651248528603336,-2.852490941846738
2017-02-28,student,1.0,0.999,0.08008008008008008,0.176761661599205,0.096,0.02002002002002002,0.18018018018018017,0.14,0.059559559559559584,0.2602602602602602,-2.695699396263221,-2.8115493776480007
2017-03-01,student,1.0,0.999,0.08008008008008008,1.0971663539618,0.106,0.02002002002002002,0.18018018018018017,0.148,0.06006006006006006,0.2602602602602602,-2.611417744068849,-2.714429857522205
2017-03-02,student,1.0,0.999,0.08008008008008008,-0.9158681420193301,0.116,0.02002002002002002,0.18018018018018017,0.184,0.06006006006006006,0.2602602602602602,-2.814435231930622,-2.9836516761867564
2017-03-03,student,1.0,0.999,0.08008008008008008,-0.03814186704957001,0.1,0.02002002002002002,0.18018018018018017,0.158,0.06006006006006006,0.2602602602602602,-2.648230688647011,-2.7530666115442917
2017-03-06,student,1.0,0.999,0.08008008008008008,1.02814654551506,0.102,0.02002002002002002,0.18018018018018017,0.172,0.06006006006006006,0.2602602602602602,-2.664161754961881,-2.7922980340823984
2017-03-07,student,1.0,0.999,0.08008008008008008,-1.0678673640128449,0.086,0.02002002002002002,0.18018018018018017,0.156,0.06006006006006006,0.2602602602602602,-2.643172504371141,-2.758692703883458
2017-03-08,student,1.0,0.999,0.08008008008008008,-0.20128638120143,0.094,0.02002002002002002,0.18018018018018017,0.138,0.06006006006006006,0.2602602602602602,-2.6599310134052074,-2.7486893835675437
2017-03-09,student,1.0,0.999,0.08008008008008008,0.802479991048215,0.084,0.02002002002002002,0.18018018018018017,0.142,0.06006006006006006,0.2602602602602602,-2.671690381897646,-2.791286940787257
2017-03-10,student,1.0,0.999,0.08008008008008008,0.28647980428378506,0.09,0.02002002002002002,0.18018018018018017,0.16,0.06006006006006006,0.2602602602602602,-2.614527624409915,-2.7306317177607196
2017-03-14,student,1.0,0.999,0.08008008008008008,1.10526438666664,0.07,0.02002002002002002,0.18018018018018017,0.138,0.06006006006006006,0.2602602602602602,-2.614146586041629,-2.7182837512903624
2017-03-15,student,0.999,0.999,0.08008008008008008,-0.627321865153315,0.078,0.02002002002002002,0.18018018018018017,0.148,0.06006006006006006,0.2602602602602602,-2.657922730692621,-2.775035334344887
2017-03-16,student,1.0,0.999,0.08008008008008008,1.1784408379690399,0.12,0.02002002002002002,0.18018018018018017,0.18,0.06006006006006006,0.2602602602602602,-2.7615261948949965,-2.889163600847022
2017-03-17,student,1.0,0.999,0.08008008008008008,-0.37717728431937003,0.076,0.02002002002002002,0.18018018018018017,0.132,0.06006006006006006,0.2602602602602602,-2.65296016602501,-2.7798211595383564
2017-03-20,student,0.999,0.999,0.08008008008008008,-0.95747532246906,0.102,0.02002002002002002,0.18018018018018017,0.162,0.06006006006006006,0.2602602602602602,-2.757962312923707,-2.857143313805568
2017-03-21,student,0.999,0.999,0.08008008008008008,0.26873775277047507,0.106,0.02002002002002002,0.18018018018018017,0.168,0.06006006006006006,0.2602602602602602,-2.6950634701770086,-2.8052353553007086
2017-03-22,student,0.999,0.999,0.08008008008008008,-1.14835858326765,0.076,0.02002002002002002,0.18018018018018017,0.12,0.06006006006006006,0.2602602602602602,-2.6107944563018592,-2.715035395770852
2017-03-23,student,0.999,0.999,0.08008008008008008,0.803075535581475,0.088,0.02002002002002002,0.18018018018018017,0.154,0.06006006006006006,0.2602602602602602,-2.715351940847281,-2.7975196190572014
2017-03-24,student,0.999,0.998,0.08008008008008008,1.0311937577485948,0.094,0.02002002002002002,0.18018018018018017,0.122,0.04004004004004004,0.20020020020020018,-2.7212534467636615,-2.8283591013027007
2017-03-27,student,0.999,0.996,0.08008008008008008,0.406848656581985,0.096,0.02002002002002002,0.18018018018018017,0.114,0.04004004004004004,0.20020020020020018,-2.6937699202111123,-2.7927958520268157
2017-03-28,student,0.994,0.993,0.08008008008008008,0.77714738203488,0.068,0.02002002002002002,0.18018018018018017,0.128,0.06006006006006006,0.2602602602602602,-2.645077228740608,-2.760897495359291
2017-03-29,student,0.999,0.997,0.08008008008008008,0.9533607973694151,0.096,0.02002002002002002,0.18018018018018017,0.118,0.04004004004004004,0.20020020020020018,-2.7262703689797525,-2.828216381743804
2017-03-30,student,0.991,0.986,0.08008008008008008,0.14001317726311502,0.092,0.02002002002002002,0.18018018018018017,0.122,0.04004004004004004,0.20020020020020018,-2.6425897922966315,-2.7420469799860374
2017-03-31,student,0.999,0.998,0.08008008008008008,0.24337761455513499,0.094,0.02002002002002002,0.18018018018018017,0.122,0.04004004004004004,0.20020020020020018,-2.6902857972275487,-2.7942098131929116
2017-04-03,student,0.999,0.998,0.08008008008008008,-0.70486816495347,0.094,0.02002002002002002,0.18018018018018017,0.148,0.06006006006006006,0.2602602602602602,-2.6435567974306777,-2.751909932883595
2017-04-05,student,0.999,0.999,0.08008008008008008,0.07030712868935995,0.078,0.02002002002002002,0.18018018018018017,0.138,0.06006006006006006,0.2602602602602602,-2.5781339878472065,-2.6903496106050344
2017-04-06,student,0.999,0.998,0.08008008008008008,-0.57957264175075,0.08,0.02002002002002002,0.18018018018018017,0.14,0.06006006006006006,0.2602602602602602,-2.574448761350033,-2.670727770601384
2017-04-07,student,0.999,0.998,0.08008008008008008,-1.49501073488351,0.088,0.02002002002002002,0.18018018018018017,0.158,0.06006006006006006,0.2602602602602602,-2.770677035819282,-2.878775914795362
2017-04-10,student,0.999,0.998,0.08008008008008008,-1.4721931487380748,0.08,0.02002002002002002,0.18018018018018017,0.1,0.04004004004004004,0.20020020020020018,-2.6506442263945544,-2.7299871350763407
2017-04-11,student,0.999,0.997,0.08008008008008008,1.5980553475871702,0.092,0.02002002002002002,0.18018018018018017,0.124,0.04004004004004004,0.20020020020020018,-2.7134806220092718,-2.799879072668596
2017-04-12,student,0.999,0.999,0.08008008008008008,-0.6562453318444399,0.076,0.02002002002002002,0.18018018018018017,0.118,0.04004004004004004,0.2602602602602602,-2.5941470609739445,-2.663795337387698
2017-04-13,student,0.999,0.999,0.10010010010010009,-1.7303669608349799,0.098,0.02002002002002002,0.18018018018018017,0.166,0.04004004004004004,0.2602602602602602,-2.7233364171843064,-2.8270580595926247
2017-04-17,student,0.999,0.999,0.08008008008008008,-0.633944050061015,0.094,0.02002002002002002,0.18018018018018017,0.146,0.04004004004004004,0.2602602602602602,-2.700166553081815,-2.8192280021016636
2017-04-18,student,0.999,0.999,0.08008008008008008,-0.05283065627535502,0.074,0.02002002002002002,0.18018018018018017,0.134,0.04004004004004004,0.2602602602602602,-2.5224550990083663,-2.6153870966224395
2017-04-19,student,0.999,0.999,0.08008008008008008,-1.2755463758671401,0.09,0.02002002002002002,0.18018018018018017,0.13,0.04004004004004004,0.2602602602602602,-2.6523655278159186,-2.7555420143241554
2017-04-20,student,0.999,0.999,0.08008008008008008,0.57052131296133,0.08,0.02002002002002002,0.18018018018018017,0.134,0.04004004004004004,0.2602602602602602,-2.665470799115943,-2.746339135261508
2017-04-21,student,0.999,0.999,0.08008008008008008,-0.6530404475811251,0.092,0.02002002002002002,0.18018018018018017,0.142,0.04004004004004004,0.2602602602602602,-2.645911793425293,-2.7443506335865577
2017-04-24,student,0.999,0.999,0.10010010010010009,0.83155538833576,0.084,0.02002002002002002,0.18018018018018017,0.144,0.04004004004004004,0.2602602602602602,-2.6755472999209955,-2.7850620186910016
2017-04-25,student,0.999,0.999,0.10010010010010009,0.15086433415611,0.112,0.02002002002002002,0.18018018018018017,0.166,0.04004004004004004,0.2602602602602602,-2.6901246945599255,-2.794180284537776
2017-04-26,student,0.999,0.999,0.10010010010010009,-0.749193353884575,0.106,0.02002002002002002,0.18018018018018017,0.15,0.04004004004004004,0.2602602602602602,-2.5985875307298705,-2.722789201872247
2017-04-27,student,0.999,0.998,0.10010010010010009,-0.17599967883616485,0.106,0.02002002002002002,0.18018018018018017,0.16,0.04004004004004004,0.2602602602602602,-2.616853240945605,-2.740978766994472
2017-04-28,student,0.999,0.999,0.10010010010010009,1.00511152595861,0.098,0.02002002002002002,0.18018018018018017,0.148,0.04004004004004004,0.24024024024024024,-2.7007163946909536,-2.7878022697552622
2017-05-02,student,0.999,0.999,0.10010010010010009,-0.05265523781550496,0.102,0.02002002002002002,0.1606606606606602,0.154,0.04004004004004004,0.24024024024024024,-2.6622753816189526,-2.776307093704927
2017-05-03,student,0.999,0.999,0.10010010010010009,0.88956789847739,0.118,0.02002002002002002,0.1606606606606602,0.174,0.04004004004004004,0.24024024024024024,-2.764263771377814,-2.918928974854592
2017-05-04,student,0.999,0.999,0.10010010010010009,1.74994057537898,0.074,0.02002002002002002,0.16016016016016016,0.116,0.04004004004004004,0.24024024024024024,-2.566133955449894,-2.6541284718651186
2017-05-05,student,0.999,0.999,0.10010010010010009,-0.84159558824788,0.076,0.02002002002002002,0.16016016016016016,0.13,0.04004004004004004,0.24024024024024024,-2.6381069913167092,-2.746262521373863
2017-05-08,student,0.999,0.999,0.10010010010010009,1.316928778887925,0.076,0.02002002002002002,0.16016016016016016,0.12,0.04004004004004004,0.24024024024024024,-2.632521011249366,-2.717887251244372
2017-05-09,student,0.999,0.999,0.10010010010010009,-0.42587176495165996,0.106,0.02002002002002002,0.16016016016016016,0.154,0.04004004004004004,0.24024024024024024,-2.6002514379796713,-2.708775667460952
2017-05-10,student,0.996,0.996,0.10010010010010009,-0.50559441786664,0.094,0.02002002002002002,0.16016016016016016,0.14,0.04004004004004004,0.24024024024024024,-2.6187089036966817,-2.7183647314251846
2017-05-11,student,0.995,0.995,0.08008008008008008,0.6398051371389749,0.086,0.02002002002002002,0.18018018018018017,0.11,0.04004004004004004,0.20020020020020018,-2.5399882120774264,-2.6280993286554883
2017-05-12,student,0.995,0.994,0.10010010010010009,1.02238241512407,0.072,0.02002002002002002,0.16016016016016016,0.098,0.04004004004004004,0.20020020020020018,-2.489826109520271,-2.576132824484399
2017-05-15,student,0.999,0.999,0.10010010010010009,-0.07890229905553003,0.09,0.02002002002002002,0.16016016016016016,0.108,0.04004004004004004,0.20020020020020018,-2.5661923985904895,-2.6572467420993684
2017-05-16,student,0.999,0.999,0.10010010010010009,1.18279435659184,0.058,0.02002002002002002,0.16016016016016016,0.092,0.04004004004004004,0.20020020020020018,-2.4615855378913456,-2.5460257275579132
2017-05-17,student,0.999,0.999,0.10010010010010009,-0.09093755188444999,0.06,0.02002002002002002,0.16016016016016016,0.086,0.04004004004004004,0.20020020020020018,-2.5537531315786954,-2.647182756465957
2017-05-18,student,0.999,0.999,0.10010010010010009,-0.3022590812207401,0.078,0.02002002002002002,0.18018018018018017,0.1,0.04004004004004004,0.20020020020020018,-2.5624288901996635,-2.654981278577733
2017-05-19,student,0.999,0.999,0.10010010010010009,0.6286451254549,0.084,0.02002002002002002,0.18018018018018017,0.102,0.04004004004004004,0.20020020020020018,-2.5539884309715872,-2.644688376531606
2017-05-22,student,0.999,0.999,0.10010010010010009,-2.0926573373856048,0.084,0.02002002002002002,0.18018018018018017,0.116,0.04004004004004004,0.20020020020020018,-2.5535378371812074,-2.6486713966887794
2017-05-23,student,0.999,0.999,0.08008008008008008,-1.150898060464505,0.08,0.02002002002002002,0.16016016016016016,0.1,0.04004004004004004,0.20020020020020018,-2.846741873812401,-2.938228924192174
2017-05-24,student,0.996,0.994,0.10010010010010009,-1.12728794109359,0.096,0.02002002002002002,0.18018018018018017,0.12,0.04004004004004004,0.20020020020020018,-2.8951050808777268,-2.9887111809562836
2017-05-25,student,0.994,0.991,0.10010010010010009,2.683080033121255,0.078,0.02002002002002002,0.18018018018018017,0.102,0.04004004004004004,0.20020020020020018,-2.876721723235131,-2.9681293391878807
2017-05-26,student,0.994,0.991,0.10010010010010009,0.7915324462500801,0.086,0.02002002002002002,0.18018018018018017,0.11,0.04004004004004004,0.20020020020020018,-2.9200912580946286,-3.01939739913112
2017-05-29,student,0.994,0.991,0.10010010010010009,-1.309990337231705,0.082,0.02002002002002002,0.18018018018018017,0.104,0.04004004004004004,0.20020020020020018,-2.7964181911835237,-2.8915217281457273
2017-05-30,student,0.999,0.998,0.10010010010010009,1.404375711945835,0.076,0.02002002002002002,0.18018018018018017,0.096,0.04004004004004004,0.20020020020020018,-2.8156372692885854,-2.908800993421705
2017-05-31,student,0.994,0.991,0.10010010010010009,-1.065809953738595,0.088,0.02002002002002002,0.18018018018018017,0.12,0.04004004004004004,0.20020020020020018,-2.7443050612238866,-2.8371184143105523
2017-06-01,student,0.994,0.99,0.10010010010010009,0.32297419218881,0.088,0.02002002002002002,0.18018018018018017,0.114,0.04004004004004004,0.20020020020020018,-2.7659187839418298,-2.865454789353903
2017-06-02,student,0.994,0.991,0.10010010010010009,-0.17009015903805,0.094,0.02002002002002002,0.18018018018018017,0.112,0.04004004004004004,0.20020020020020018,-2.720540115696108,-2.8114795399040693
2017-06-05,student,0.994,0.991,0.10010010010010009,-0.5201145487625,0.076,0.02002002002002002,0.18018018018018017,0.1,0.04004004004004004,0.20020020020020018,-2.667937307754525,-2.758178355603584
2017-06-06,student,0.994,0.991,0.10010010010010009,1.071632005893415,0.09,0.02002002002002002,0.18018018018018017,0.104,0.04004004004004004,0.20020020020020018,-2.5862486351640115,-2.6737021991962147
2017-06-07,student,0.994,0.991,0.08008008008008008,-0.36768230612600494,0.078,0.02002002002002002,0.18018018018018017,0.098,0.04004004004004004,0.20020020020020018,-2.554057941557532,-2.6449596885073734
2017-06-08,student,0.999,0.997,0.08008008008008008,-0.589602160588105,0.048,0.02002002002002002,0.18018018018018017,0.076,0.04004004004004004,0.20020020020020018,-2.43506636893207,-2.5132189697863176
2017-06-09,student,0.999,0.997,0.08008008008008008,-0.42073389363405,0.084,0.02002002002002002,0.18018018018018017,0.114,0.04004004004004004,0.20020020020020018,-2.552978788238431,-2.6436416284076505
2017-06-12,student,0.999,0.997,0.08008008008008008,0.16969601774891996,0.076,0.02002002002002002,0.18018018018018017,0.102,0.04004004004004004,0.20020020020020018,-2.493918022133989,-2.580776678557017
2017-06-13,student,0.999,0.999,0.08008008008008008,-0.50821942575542,0.086,0.02002002002002002,0.18018018018018017,0.106,0.04004004004004004,0.20020020020020018,-2.5541444690724004,-2.6391239841751633
2017-06-14,student,0.989,0.987,0.06006006006006006,0.10335711526741,0.092,0.02002002002002002,0.18018018018018017,0.114,0.04004004004004004,0.20020020020020018,-2.425260835119924,-2.516386304129889
2017-06-15,student,0.99,0.988,0.06006006006006006,-0.375401972550555,0.078,0.02002002002002002,0.18018018018018017,0.11,0.04004004004004004,0.20020020020020018,-2.4221235991586227,-2.505217897589333
2017-06-16,student,0.986,0.983,0.06006006006006006,-0.28406678988336,0.082,0.02002002002002002,0.1606606606606602,0.11,0.04004004004004004,0.20020020020020018,-2.3939309766386216,-2.4678970559256217
2017-06-19,student,0.99,0.99,0.06006006006006006,-0.05160046787166994,0.088,0.02002002002002002,0.1606606606606602,0.114,0.04004004004004004,0.24024024024024024,-2.2950322188402184,-2.3786596380171647
2017-06-20,student,0.99,0.99,0.06006006006006006,0.947207704860345,0.09,0.02002002002002002,0.16016016016016016,0.13,0.04004004004004004,0.24024024024024024,-2.32905370066925,-2.4128738166561043
2017-06-21,student,0.99,0.988,0.06006006006006006,0.12710595987122,0.1,0.02002002002002002,0.16016016016016016,0.126,0.02002002002002002,0.20020020020020018,-2.4340798943445217,-2.5172850043489006
2017-06-22,student,0.993,0.993,0.06006006006006006,0.445074230661195,0.082,0.02002002002002002,0.1606606606606602,0.144,0.04004004004004004,0.24024024024024024,-2.3910132187904227,-2.4908927068131588
2017-06-23,student,0.993,0.993,0.06006006006006006,-0.786676537836685,0.096,0.02002002002002002,0.1606606606606602,0.14,0.04004004004004004,0.24024024024024024,-2.3728564344380865,-2.456088917940641
2017-06-27,student,0.993,0.993,0.06006006006006006,-2.50192678114811,0.09,0.02002002002002002,0.16016016016016016,0.15,0.04004004004004004,0.24024024024024024,-2.4872575570590496,-2.592631289368812
2017-06-28,student,0.99,0.986,0.06006006006006006,-0.71139690181572,0.1,0.02002002002002002,0.1606606606606602,0.118,0.04004004004004004,0.20020020020020018,-2.7606238716807145,-2.849531160689253
2017-06-29,student,0.988,0.985,0.08008008008008008,-0.4231869711742551,0.1,0.02002002002002002,0.1606606606606602,0.128,0.04004004004004004,0.20020020020020018,-2.664932320669712,-2.75395111966194
2017-06-30,student,0.986,0.98,0.06006006006006006,0.5064918182185201,0.078,0.02002002002002002,0.1606606606606602,0.106,0.04004004004004004,0.20020020020020018,-2.6682700308043867,-2.760393064642517
2017-07-03,student,0.986,0.981,0.06006006006006006,1.0850555816448,0.09,0.02002002002002002,0.1606606606606602,0.11,0.04004004004004004,0.20020020020020018,-2.5190168037421508,-2.607465401606393
2017-07-04,student,0.988,0.984,0.06006006006006006,0.19782595514567003,0.098,0.02002002002002002,0.1606606606606602,0.11,0.04004004004004004,0.20020020020020018,-2.567073986139287,-2.6623817216611476
2017-07-05,student,0.986,0.979,0.06006006006006006,-0.24130476822139002,0.096,0.02002002002002002,0.1606606606606602,0.11,0.04004004004004004,0.20020020020020018,-2.4377872440111057,-2.5192549610750965
2017-07-06,student,0.985,0.975,0.06006006006006006,0.8918848755073299,0.074,0.02002002002002002,0.1606606606606602,0.096,0.04004004004004004,0.20020020020020018,-2.4228206081949537,-2.4984644160085914
2017-07-07,student,0.985,0.975,0.06006006006006006,-0.77664078698217,0.066,0.02002002002002002,0.1606606606606602,0.084,0.04004004004004004,0.20020020020020018,-2.411023384869707,-2.493853155482865
2017-07-10,student,0.986,0.983,0.06006006006006006,2.107590955899975,0.098,0.02002002002002002,0.18018018018018017,0.116,0.04004004004004004,0.20020020020020018,-2.5520718322801574,-2.6448121758046153
2017-07-11,student,0.988,0.985,0.06006006006006006,0.5955989470012449,0.09,0.02002002002002002,0.18018018018018017,0.112,0.04004004004004004,0.20020020020020018,-2.510114942287891,-2.5989036004056523
2017-07-12,student,0.993,0.993,0.06006006006006006,0.56377360660999,0.11,0.02002002002002002,0.18018018018018017,0.164,0.04004004004004004,0.24024024024024024,-2.6394094574345845,-2.7430201502957803
2017-07-13,student,0.993,0.99,0.06006006006006006,0.431939966033315,0.086,0.02002002002002002,0.18018018018018017,0.106,0.04004004004004004,0.20020020020020018,-2.455445817202455,-2.541433261160674
2017-07-14,student,0.993,0.99,0.06006006006006006,0.234565790691385,0.086,0.02002002002002002,0.18018018018018017,0.11,0.04004004004004004,0.20020020020020018,-2.4830071326295453,-2.5671163404870656
2017-07-17,student,0.993,0.99,0.06006006006006006,0.85294768700377,0.072,0.02002002002002002,0.1606606606606602,0.096,0.02002002002002002,0.20020020020020018,-2.458210971676344,-2.5357106881960862
2017-07-18,student,0.993,0.99,0.06006006006006006,-0.26377697169587,0.076,0.02002002002002002,0.1606606606606602,0.09,0.04004004004004004,0.20020020020020018,-2.341587149570704,-2.4226609713833103
2017-07-19,student,0.99,0.988,0.06006006006006006,0.10108065292230001,0.078,0.02002002002002002,0.1606606606606602,0.102,0.02002002002002002,0.20020020020020018,-2.3662675251838907,-2.4400239805148396
2017-07-20,student,0.988,0.986,0.06006006006006006,-0.935745491299805,0.09,0.02002002002002002,0.1606606606606602,0.108,0.02002002002002002,0.20020020020020018,-2.4117588249554456,-2.4898367549927505
2017-07-21,student,0.988,0.986,0.06006006006006006,0.494693378402905,0.122,0.02002002002002002,0.1606606606606602,0.136,0.02002002002002002,0.20020020020020018,-2.456461567428848,-2.543493821678395
2017-07-24,student,0.988,0.986,0.06006006006006006,1.19673117676263,0.082,0.02002002002002002,0.18018018018018017,0.108,0.02002002002002002,0.20020020020020018,-2.347923453755352,-2.4174598091183035
2017-07-25,student,0.988,0.986,0.06006006006006006,0.428726385751595,0.102,0.02002002002002002,0.18018018018018017,0.12,0.02002002002002002,0.20020020020020018,-2.3694895727820304,-2.4473368717169994
2017-07-26,student,0.988,0.986,0.06006006006006006,-0.04062742011310501,0.072,0.02002002002002002,0.18018018018018017,0.104,0.039539539539539564,0.20020020020020018,-2.2385403370945323,-2.312080430782287
2017-07-27,student,0.99,0.986,0.06006006006006006,-0.741281776689635,0.084,0.02002002002002002,0.18018018018018017,0.104,0.039539539539539564,0.20020020020020018,-2.300177626226072,-2.379948337225138
2017-07-28,student,0.99,0.99,0.06006006006006006,1.4617234388036198,0.094,0.02002002002002002,0.18018018018018017,0.13,0.04004004004004004,0.24024024024024024,-2.3505764370588396,-2.431858887240125
2017-07-31,student,0.993,0.99,0.06006006006006006,2.88088218758909,0.078,0.02002002002002002,0.1606606606606602,0.124,0.04004004004004004,0.24024024024024024,-2.3001385936271204,-2.3775640195185517
2017-08-01,student,0.99,0.99,0.06006006006006006,-0.8433044415171299,0.08,0.02002002002002002,0.18018018018018017,0.106,0.04004004004004004,0.24024024024024024,-2.4653132050329623,-2.5679759403254803
2017-08-02,student,0.99,0.99,0.06006006006006006,-0.821149245545655,0.078,0.02002002002002002,0.18018018018018017,0.122,0.04004004004004004,0.24024024024024024,-2.5998653589174783,-2.722412687887506
2017-08-03,student,0.99,0.99,0.06006006006006006,-1.64842960805725,0.092,0.02002002002002002,0.18018018018018017,0.136,0.04004004004004004,0.24024024024024024,-2.534462811073535,-2.656844709987984
2017-08-04,student,0.99,0.989,0.06006006006006006,0.7631526930778,0.09,0.02002002002002002,0.18018018018018017,0.148,0.04004004004004004,0.24024024024024024,-2.643347980222059,-2.7568039178471517
2017-08-07,student,0.99,0.99,0.06006006006006006,0.17116777854695508,0.086,0.02002002002002002,0.18018018018018017,0.14,0.04004004004004004,0.24024024024024024,-2.5379770969458595,-2.639531368721922
2017-08-08,student,0.988,0.986,0.06006006006006006,-1.4557546725197,0.086,0.02002002002002002,0.18018018018018017,0.102,0.039539539539539564,0.20020020020020018,-2.5423197164241262,-2.617183055077594
2017-08-09,student,0.99,0.988,0.06006006006006006,0.06172821631365999,0.108,0.02002002002002002,0.18018018018018017,0.148,0.04004004004004004,0.24024024024024024,-2.7602670469666117,-2.857379143140516
2017-08-10,student,0.99,0.987,0.06006006006006006,-0.32483735051192497,0.08,0.02002002002002002,0.18018018018018017,0.136,0.04004004004004004,0.24024024024024024,-2.592120378991337,-2.6975148126642
2017-08-11,student,0.99,0.988,0.06006006006006006,-2.5422347476749647,0.094,0.02002002002002002,0.18018018018018017,0.152,0.04004004004004004,0.24024024024024024,-2.6701704079347564,-2.7608423707573793
2017-08-14,student,0.99,0.986,0.06006006006006006,-0.66664082621673,0.08,0.02002002002002002,0.16016016016016016,0.126,0.04004004004004004,0.24024024024024024,-3.4060894374003703,-3.5251566268232226
2017-08-16,student,0.99,0.988,0.06006006006006006,0.553568055708435,0.086,0.02002002002002002,0.18018018018018017,0.13,0.04004004004004004,0.24024024024024024,-3.1265911460748694,-3.222332608993177
2017-08-17,student,0.988,0.987,0.04004004004004004,1.8884411381404602,0.08,0.02002002002002002,0.1606606606606602,0.128,0.04004004004004004,0.24024024024024024,-2.977077768340638,-3.0768637480425083
2017-08-18,student,0.993,0.99,0.06006006006006006,-5.40877944841173,0.088,0.02002002002002002,0.16016016016016016,0.13,0.04004004004004004,0.24024024024024024,-2.925046966377943,-3.0193943257006883
2017-08-21,student,0.988,0.986,0.06006006006006006,-3.5072358615684305,0.092,0.02002002002002002,0.16016016016016016,0.122,0.02002002002002002,0.20020020020020018,-3.3752939033155256,-3.474070158897989
2017-08-22,student,0.99,0.986,0.06006006006006006,-0.022364468848855013,0.092,0.02002002002002002,0.16016016016016016,0.124,0.02002002002002002,0.20020020020020018,-3.558089314562001,-3.659173688192493
2017-08-23,student,0.99,0.986,0.06006006006006006,1.9065218977554999,0.08,0.02002002002002002,0.16016016016016016,0.12,0.02002002002002002,0.20020020020020018,-2.7849557276160293,-2.8762362996292214
2017-08-24,student,0.988,0.985,0.06006006006006006,1.3045180733720299,0.088,0.02002002002002002,0.1606606606606602,0.114,0.039539539539539564,0.20020020020020018,-2.8229586728486558,-2.9245521200359264
2017-08-28,student,0.99,0.986,0.06006006006006006,1.3872006632112452,0.092,0.02002002002002002,0.1606606606606602,0.128,0.04004004004004004,0.20020020020020018,-2.779690479709351,-2.8787116146535423
2017-08-29,bb7,0.988,0.985,0.06006006006006006,-1.147613710332105,0.088,0.02002002002002002,0.16016016016016016,0.11,0.04004004004004004,0.20020020020020018,-2.9361055289105944,-3.0329007876237966
2017-08-30,student,0.988,0.984,0.06006006006006006,-0.11541021000098999,0.1,0.02002002002002002,0.16016016016016016,0.12,0.04004004004004004,0.20020020020020018,-2.649510077876528,-2.7396290522743003
2017-08-31,student,0.988,0.984,0.06006006006006006,-0.42787251479381505,0.082,0.02002002002002002,0.18018018018018017,0.112,0.04004004004004004,0.20020020020020018,-2.536182820851555,-2.613707479658244
2017-09-01,bb7,0.998,0.993,0.06006006006006006,0.290503260443295,0.082,0.02002002002002002,0.16016016016016016,0.106,0.039539539539539564,0.20020020020020018,-2.4955965354170675,-2.5698610193328624
2017-09-04,bb7,0.997,0.992,0.06006006006006006,-1.103127178871965,0.074,0.02002002002002002,0.16016016016016016,0.096,0.039539539539539564,0.20020020020020018,-2.3930413212474586,-2.467471323191713
2017-09-05,bb7,0.987,0.98,0.06006006006006006,-0.12215553036043,0.07,0.02002002002002002,0.16016016016016016,0.094,0.04004004004004004,0.20020020020020018,-2.4939149739693205,-2.5702738502956843
2017-09-06,student,0.988,0.985,0.06006006006006006,-0.7680748497163299,0.098,0.02002002002002002,0.18018018018018017,0.128,0.04004004004004004,0.20020020020020018,-2.39708302794117,-2.4650072234806046
2017-09-07,bb7,0.989,0.986,0.08008008008008008,-0.0007226417793449996,0.072,0.02002002002002002,0.18018018018018017,0.088,0.04004004004004004,0.20020020020020018,-2.4497707608473758,-2.5234568582466586
2017-09-08,bb7,0.989,0.986,0.06006006006006006,-1.082828540177825,0.084,0.02002002002002002,0.18018018018018017,0.1,0.04004004004004004,0.20020020020020018,-2.357208994015757,-2.4377708509817246
2017-09-11,student,0.988,0.986,0.06006006006006006,-0.47425208478428504,0.09,0.02002002002002002,0.18018018018018017,0.112,0.04004004004004004,0.20020020020020018,-2.390800151340201,-2.4734155982302766
2017-09-12,bb7,0.99,0.986,0.06006006006006006,0.762734701259155,0.08,0.02002002002002002,0.1606606606606602,0.1,0.02002002002002002,0.20020020020020018,-2.299025317429777,-2.366873665610793
2017-09-13,student,0.99,0.986,0.06006006006006006,-0.026106551305705,0.098,0.02002002002002002,0.18018018018018017,0.122,0.04004004004004004,0.20020020020020018,-2.323360739967166,-2.3959269709784556
2017-09-14,bb7,0.99,0.986,0.06006006006006006,0.63310413837591,0.084,0.02002002002002002,0.18018018018018017,0.106,0.04004004004004004,0.20020020020020018,-2.3284486708709036,-2.4014364598315834
2017-09-15,student,0.99,0.986,0.06006006006006006,0.3854642266888699,0.086,0.02002002002002002,0.18018018018018017,0.118,0.04004004004004004,0.20020020020020018,-2.329789666702723,-2.4034648138347543
2017-09-18,bb7,0.988,0.985,0.06006006006006006,-0.15622058105165001,0.078,0.02002002002002002,0.18018018018018017,0.098,0.02002002002002002,0.20020020020020018,-2.3625771684333556,-2.43210190607836
2017-09-19,student,0.99,0.986,0.06006006006006006,-0.31013459778104,0.088,0.02002002002002002,0.1606606606606602,0.114,0.02002002002002002,0.20020020020020018,-2.3209181543651756,-2.4014100653705053
2017-09-20,bb7,0.99,0.986,0.06006006006006006,0.44299228848573,0.086,0.02002002002002002,0.16016016016016016,0.106,0.02002002002002002,0.20020020020020018,-2.2938383624273118,-2.374409321379176
2017-09-21,bb7,0.99,0.986,0.06006006006006006,-0.46068330090947496,0.092,0.02002002002002002,0.18018018018018017,0.106,0.039539539539539564,0.20020020020020018,-2.2996199175829206,-2.379826680710012
2017-09-22,student,0.99,0.986,0.06006006006006006,-1.8762445376291401,0.1,0.02002002002002002,0.18018018018018017,0.112,0.04004004004004004,0.20020020020020018,-2.3333276318012377,-2.4138061261480748
2017-09-25,bb7,0.99,0.986,0.06006006006006006,-0.759945617425035,0.128,0.02002002002002002,0.18018018018018017,0.138,0.04004004004004004,0.20020020020020018,-2.5406845063581462,-2.6285651005601047
2017-09-26,bb7,0.99,0.986,0.06006006006006006,0.48901307508645503,0.078,0.02002002002002002,0.18018018018018017,0.11,0.04004004004004004,0.20020020020020018,-2.501396655776564,-2.5758658103751078
2017-09-27,student,0.99,0.986,0.06006006006006006,-1.88125482998705,0.072,0.02002002002002002,0.1606606606606602,0.094,0.04004004004004004,0.20020020020020018,-2.4065753353194275,-2.484918450952913
2017-09-28,bb7,0.99,0.986,0.06006006006006006,0.21588280333255996,0.066,0.02002002002002002,0.16016016016016016,0.102,0.04004004004004004,0.20020020020020018,-2.6947722799421436,-2.7818441356859847
2017-09-29,bb7,0.99,0.986,0.06006006006006006,0.473874631166465,0.088,0.02002002002002002,0.1606606606606602,0.1,0.04004004004004004,0.20020020020020018,-2.6283138770920753,-2.7143660983962348
2017-10-03,bb7,0.99,0.986,0.06006006006006006,-0.30241449512174,0.082,0.02002002002002002,0.16016016016016016,0.104,0.04004004004004004,0.20020020020020018,-2.48000363450643,-2.570267274915049
2017-10-04,bb7,0.99,0.986,0.06006006006006006,0.157544731087415,0.076,0.02002002002002002,0.16016016016016016,0.098,0.04004004004004004,0.20020020020020018,-2.463853819235902,-2.542114286503411
2017-10-05,bb7,0.99,0.986,0.06006006006006006,-0.12557327512560498,0.066,0.02002002002002002,0.16016016016016016,0.096,0.04004004004004004,0.20020020020020018,-2.3622483574475996,-2.4391499785665527
2017-10-06,student,0.99,0.986,0.06006006006006006,1.951065401608925,0.084,0.02002002002002002,0.1606606606606602,0.124,0.04004004004004004,0.20020020020020018,-2.419574085796776,-2.5076426366876428
2017-10-09,bb7,0.99,0.986,0.06006006006006006,0.22282257882960002,0.088,0.02002002002002002,0.18018018018018017,0.11,0.04004004004004004,0.20020020020020018,-2.5602907826558474,-2.6485413085742566
2017-10-10,student,0.99,0.986,0.06006006006006006,0.640649228633875,0.104,0.02002002002002002,0.18018018018018017,0.13,0.04004004004004004,0.20020020020020018,-2.4305632120847758,-2.51466361965698
2017-10-11,student,0.99,0.986,0.06006006006006006,-1.27677855067933,0.098,0.02002002002002002,0.18018018018018017,0.13,0.04004004004004004,0.20020020020020018,-2.434237030619551,-2.5208697829891653
2017-10-12,student,0.99,0.986,0.06006006006006006,-0.292343679160195,0.104,0.02002002002002002,0.18018018018018017,0.132,0.04004004004004004,0.20020020020020018,-2.597748519442718,-2.684319380584983
2017-10-13,bb7,0.99,0.986,0.06006006006006006,0.329563997270975,0.07,0.02002002002002002,0.18018018018018017,0.08,0.04004004004004004,0.20020020020020018,-2.3561927453366533,-2.4250948143744475
2017-10-16,student,0.99,0.987,0.06006006006006006,0.46624578740317,0.098,0.02002002002002002,0.18018018018018017,0.13,0.04004004004004004,0.20020020020020018,-2.4717337417600165,-2.5545115885019407
2017-10-17,bb7,0.99,0.988,0.06006006006006006,-0.63351124702881,0.082,0.02002002002002002,0.18018018018018017,0.098,0.04004004004004004,0.20020020020020018,-2.398113792192565,-2.4675711952287873
2017-10-18,bb7,0.99,0.988,0.06006006006006006,-1.8269388219069103,0.082,0.02002002002002002,0.18018018018018017,0.11,0.04004004004004004,0.20020020020020018,-2.3275477325218237,-2.399348074783405
2017-10-19,bb7,0.99,0.988,0.06006006006006006,-0.06510228677698501,0.088,0.02002002002002002,0.18018018018018017,0.102,0.04004004004004004,0.20020020020020018,-2.6641602317028785,-2.7379202438171277
2017-10-23,student,0.99,0.987,0.06006006006006006,1.327212754011195,0.09,0.02002002002002002,0.18018018018018017,0.118,0.04004004004004004,0.20020020020020018,-2.518667187219083,-2.6038400599784954
2017-10-24,student,0.99,0.988,0.06006006006006006,1.002118477597925,0.096,0.02002002002002002,0.18018018018018017,0.128,0.04004004004004004,0.20070070070070023,-2.4894698175762406,-2.5695041758174484
2017-10-25,bb7,0.993,0.99,0.06006006006006006,12.693319659879458,0.084,0.02002002002002002,0.18018018018018017,0.106,0.04004004004004004,0.20020020020020018,-2.6301083412609225,-2.7184577106892447
2017-10-26,student,0.993,0.988,0.06006006006006006,-0.04170181307524001,0.096,0.02002002002002002,0.18018018018018017,0.124,0.04004004004004004,0.20070070070070023,-7.230686251474522,-7.3457547074646055
2017-10-27,bb7,0.993,0.99,0.06006006006006006,-1.549232184368515,0.092,0.02002002002002002,0.18018018018018017,0.106,0.04004004004004004,0.20020020020020018,-6.619848618312255,-6.723752541611277
2017-10-30,student,0.995,0.99,0.06006006006006006,0.03344852557773001,0.094,0.02002002002002002,0.18018018018018017,0.114,0.04004004004004004,0.20020020020020018,-6.36697120793597,-6.4742184207941635
2017-10-31,bb7,0.996,0.992,0.06006006006006006,-1.50279211210895,0.072,0.02002002002002002,0.18018018018018017,0.1,0.04004004004004004,0.20020020020020018,-5.604723181735803,-5.713011177335722
2017-11-01,bb7,0.996,0.99,0.06006006006006006,2.527290384593035,0.08,0.02002002002002002,0.18018018018018017,0.098,0.04004004004004004,0.20020020020020018,-5.251050032730697,-5.356053322560629
2017-11-02,student,0.995,0.989,0.06006006006006006,-1.09157919638073,0.084,0.02002002002002002,0.18018018018018017,0.116,0.04004004004004004,0.20070070070070023,-4.951284644208102,-5.055147277792302
2017-11-03,bb7,0.993,0.989,0.06006006006006006,1.8686454596149151,0.076,0.02002002002002002,0.18018018018018017,0.108,0.04004004004004004,0.20070070070070023,-4.706801246992305,-4.812573783233878
2017-11-06,student,0.993,0.989,0.06006006006006006,0.722133002220785,0.094,0.02002002002002002,0.18018018018018017,0.134,0.04004004004004004,0.20070070070070023,-4.411647003622468,-4.51908721793457
2017-11-07,student,0.993,0.989,0.06006006006006006,-0.40381717956535534,0.09,0.02002002002002002,0.18018018018018017,0.12,0.04004004004004004,0.20020020020020018,-4.128464962355933,-4.23597474301053
2017-11-08,student,0.992,0.989,0.06006006006006006,-1.3883811232273051,0.078,0.02002002002002002,0.18018018018018017,0.106,0.04004004004004004,0.20020020020020018,-4.339682052732261,-4.458961628379325
2017-11-09,student,0.993,0.989,0.06006006006006006,0.78125590603807,0.082,0.02002002002002002,0.18018018018018017,0.104,0.04004004004004004,0.20020020020020018,-4.073650008971143,-4.17388208332402
2017-11-10,student,0.993,0.989,0.06006006006006006,3.4617103520834798,0.112,0.02002002002002002,0.18018018018018017,0.146,0.04004004004004004,0.20070070070070023,-3.7960241580479073,-3.9030210270207046
2017-11-13,student,0.995,0.989,0.06006006006006006,-0.903858300468545,0.094,0.02002002002002002,0.18018018018018017,0.122,0.04004004004004004,0.20070070070070023,-3.9178456425528174,-4.016609890840385
2017-11-14,student,0.994,0.989,0.06006006006006006,-0.445300181030325,0.106,0.02002002002002002,0.18018018018018017,0.136,0.04004004004004004,0.20070070070070023,-3.840947993247588,-3.9372149559782996
2017-11-15,student,0.993,0.988,0.06006006006006006,-0.492468445999215,0.074,0.02002002002002002,0.18018018018018017,0.098,0.04004004004004004,0.20070070070070023,-3.5583159495536174,-3.6511248349440386
2017-11-16,student,0.992,0.988,0.06006006006006006,3.170202184584645,0.084,0.02002002002002002,0.18018018018018017,0.104,0.04004004004004004,0.20070070070070023,-3.3500599292416946,-3.437836855829425
2017-11-17,student,0.995,0.991,0.06006006006006006,-0.27949194580123504,0.08,0.02002002002002002,0.18018018018018017,0.108,0.04004004004004004,0.2202202202202202,-3.598225024992332,-3.711596216055913
2017-11-20,student,0.993,0.989,0.06006006006006006,-1.20961333401694,0.114,0.02002002002002002,0.18018018018018017,0.146,0.04004004004004004,0.20070070070070023,-3.2679946675790634,-3.3699316129472034
2017-11-21,student,0.995,0.991,0.06006006006006006,-0.058267950196234986,0.096,0.02002002002002002,0.18018018018018017,0.132,0.04004004004004004,0.20070070070070023,-3.182518888710935,-3.2892571352033277
2017-11-22,student,0.995,0.989,0.06006006006006006,0.7008500824834111,0.078,0.02002002002002002,0.18018018018018017,0.096,0.04004004004004004,0.20070070070070023,-2.9917596141059457,-3.0784769126596823
2017-11-23,student,0.995,0.992,0.06006006006006006,1.222400078428955,0.096,0.02002002002002002,0.18018018018018017,0.12,0.04004004004004004,0.20070070070070023,-2.834342844073024,-2.9258593804081667
2017-11-24,student,0.998,0.992,0.06006006006006006,0.53254180370167,0.086,0.02002002002002002,0.18018018018018017,0.108,0.04004004004004004,0.20070070070070023,-2.8894078559465766,-2.977348874860952
2017-11-27,student,0.998,0.995,0.06006006006006006,-0.051265866432344986,0.086,0.02002002002002002,0.18018018018018017,0.11,0.04004004004004004,0.20070070070070023,-2.742407639210772,-2.830182630222344
2017-11-28,student,0.998,0.994,0.06006006006006006,-1.25508588777477,0.092,0.02002002002002002,0.18018018018018017,0.122,0.04004004004004004,0.20070070070070023,-2.579831039891295,-2.6560479142867197
2017-11-29,student,0.998,0.995,0.06006006006006006,-0.57072014027721,0.084,0.02002002002002002,0.18018018018018017,0.104,0.04004004004004004,0.2202202202202202,-2.6943016378380937,-2.785362942310022
2017-11-30,student,0.997,0.992,0.06006006006006006,-1.65391833344147,0.072,0.02002002002002002,0.18018018018018017,0.102,0.04004004004004004,0.2202202202202202,-2.4971556430162534,-2.573869260136745
2017-12-01,student,0.998,0.992,0.06006006006006006,-2.094620279416085,0.096,0.02002002002002002,0.18018018018018017,0.12,0.04004004004004004,0.2202202202202202,-2.733733483024659,-2.8197657604604354
2017-12-04,student,0.998,0.992,0.06006006006006006,1.501422988214425,0.11,0.02002002002002002,0.18018018018018017,0.144,0.04004004004004004,0.2202202202202202,-3.0233447112689826,-3.125541744126607
2017-12-05,student,0.997,0.992,0.06006006006006006,0.818558111122715,0.08,0.02002002002002002,0.18018018018018017,0.108,0.04004004004004004,0.2202202202202202,-2.902033079650855,-3.0064363956384703
2017-12-06,student,0.997,0.992,0.06006006006006006,-0.7597009886479099,0.078,0.02002002002002002,0.18018018018018017,0.106,0.04004004004004004,0.2202202202202202,-2.6514880892891783,-2.7419997104661773
2017-12-07,student,0.997,0.992,0.06006006006006006,1.113512439622095,0.086,0.02002002002002002,0.18018018018018017,0.1,0.04004004004004004,0.2202202202202202,-2.716597315261676,-2.8081038380992127
2017-12-08,student,0.998,0.992,0.06006006006006006,-0.421811031941505,0.096,0.02002002002002002,0.18018018018018017,0.112,0.04004004004004004,0.2202202202202202,-2.6597229984704307,-2.745644822393537
2017-12-11,student,0.998,0.993,0.06006006006006006,1.011163653581555,0.088,0.02002002002002002,0.18018018018018017,0.122,0.04004004004004004,0.2202202202202202,-2.6911036844565484,-2.7794269905153053
2017-12-12,student,0.998,0.995,0.06006006006006006,0.26582127607552497,0.084,0.02002002002002002,0.18018018018018017,0.106,0.04004004004004004,0.2202202202202202,-2.520368550846454,-2.604482438463555
2017-12-13,student,0.998,0.996,0.06006006006006006,-1.15033835667584,0.098,0.02002002002002002,0.18018018018018017,0.128,0.04004004004004004,0.2202202202202202,-2.598676068798656,-2.6844279593764453
2017-12-14,student,0.998,0.997,0.06006006006006006,0.575200037826365,0.1,0.02002002002002002,0.18018018018018017,0.13,0.04004004004004004,0.2202202202202202,-2.643194956740321,-2.7342621291596996
2017-12-15,student,0.998,0.995,0.06006006006006006,0.201903240609135,0.084,0.02002002002002002,0.18018018018018017,0.114,0.04004004004004004,0.2202202202202202,-2.551638915220833,-2.6427591601819316
2017-12-18,student,0.998,0.996,0.06006006006006006,0.7447528327274249,0.082,0.02002002002002002,0.18018018018018017,0.102,0.04004004004004004,0.2202202202202202,-2.5999912728846817,-2.6794081821336784
2017-12-19,student,0.998,0.997,0.06006006006006006,-0.48515246021723507,0.074,0.02002002002002002,0.18018018018018017,0.088,0.04004004004004004,0.2202202202202202,-2.4218738660905137,-2.493291246665746
2017-12-20,student,0.999,0.997,0.06006006006006006,0.2282664904899,0.074,0.02002002002002002,0.18018018018018017,0.108,0.04004004004004004,0.2202202202202202,-2.5306371643087995,-2.6146997440438087
2017-12-21,student,0.998,0.996,0.06006006006006006,0.185993392809265,0.1,0.02002002002002002,0.18018018018018017,0.12,0.04004004004004004,0.2202202202202202,-2.568120371669833,-2.65799429860021
2017-12-22,student,0.998,0.997,0.06006006006006006,1.32622400252881,0.092,0.02002002002002002,0.18018018018018017,0.116,0.04004004004004004,0.2202202202202202,-2.4674049467798667,-2.5435536672168064
2017-12-26,student,0.998,0.996,0.06006006006006006,-0.6045891880983549,0.08,0.02002002002002002,0.18018018018018017,0.094,0.04004004004004004,0.2202202202202202,-2.4398757751114775,-2.510318463185566
2017-12-27,student,0.998,0.996,0.06006006006006006,-0.429146396656775,0.092,0.02002002002002002,0.18018018018018017,0.12,0.04004004004004004,0.2202202202202202,-2.4614537004539976,-2.548074110968467
2017-12-28,student,0.998,0.996,0.06006006006006006,-1.08330440623058,0.076,0.02002002002002002,0.18018018018018017,0.102,0.04004004004004004,0.2202202202202202,-2.337154432279924,-2.4077647254954755
2017-12-29,student,0.998,0.994,0.06006006006006006,0.66663067563435,0.076,0.02002002002002002,0.18018018018018017,0.092,0.04004004004004004,0.2202202202202202,-2.5131286969931046,-2.5818187023521366
2018-01-01,student,0.998,0.995,0.06006006006006006,-0.86332932656407,0.1,0.02002002002002002,0.18018018018018017,0.116,0.04004004004004004,0.2202202202202202,-2.420936844641307,-2.496275990662939
2018-01-02,student,0.998,0.995,0.06006006006006006,-0.8173929081179651,0.106,0.02002002002002002,0.18018018018018017,0.114,0.04004004004004004,0.2202202202202202,-2.5294923392055506,-2.6102333101368185
2018-01-03,student,0.997,0.992,0.06006006006006006,-0.4755528671436601,0.09,0.02002002002002002,0.18018018018018017,0.114,0.04004004004004004,0.2202202202202202,-2.437805737597836,-2.522812083814304
2018-01-04,student,0.998,0.992,0.06006006006006006,0.6345311913663698,0.084,0.02002002002002002,0.18018018018018017,0.11,0.04004004004004004,0.2202202202202202,-2.4135257494494415,-2.492906144988628
2018-01-05,student,0.995,0.992,0.06006006006006006,-0.5173904263078399,0.1,0.02002002002002002,0.18018018018018017,0.122,0.04004004004004004,0.2202202202202202,-2.421671298678217,-2.500233772871662
2018-01-08,student,0.994,0.989,0.06006006006006006,1.0844926373241548,0.084,0.02002002002002002,0.18018018018018017,0.112,0.04004004004004004,0.2202202202202202,-2.4124181721595677,-2.496841412184438
2018-01-09,student,0.993,0.989,0.06006006006006006,0.009266873595925013,0.094,0.02002002002002002,0.18018018018018017,0.132,0.04004004004004004,0.2202202202202202,-2.649622306085953,-2.746765144714651
2018-01-10,student,0.995,0.991,0.06006006006006006,-0.007944623681909957,0.088,0.02002002002002002,0.18018018018018017,0.108,0.04004004004004004,0.2202202202202202,-2.400263839679814,-2.4743298523800767
2018-01-11,student,0.995,0.991,0.06006006006006006,1.28902662758377,0.11,0.02002002002002002,0.18018018018018017,0.126,0.04004004004004004,0.2202202202202202,-2.39393064400496,-2.48138266654966
2018-01-12,student,0.995,0.992,0.06006006006006006,0.131273378411775,0.11,0.02002002002002002,0.18018018018018017,0.138,0.04004004004004004,0.2202202202202202,-2.5668300515033917,-2.6504593345751335
2018-01-15,student,0.995,0.992,0.06006006006006006,0.182904591797675,0.096,0.02002002002002002,0.18018018018018017,0.128,0.04004004004004004,0.2202202202202202,-2.3631071958576997,-2.449006147456638
2018-01-16,student,0.995,0.992,0.06006006006006006,0.8149469828742697,0.078,0.02002002002002002,0.18018018018018017,0.092,0.04004004004004004,0.2202202202202202,-2.3219367683272467,-2.3992035627872976
2018-01-17,student,0.996,0.992,0.06006006006006006,3.101177349108105,0.106,0.02002002002002002,0.18018018018018017,0.13,0.04004004004004004,0.2202202202202202,-2.8773855735418885,-2.9683341976967177
2018-01-18,student,0.997,0.992,0.06006006006006006,-0.6047502716245301,0.096,0.02002002002002002,0.18018018018018017,0.108,0.04004004004004004,0.2202202202202202,-2.8086205356404523,-2.903580702651112
2018-01-19,student,0.995,0.991,0.06006006006006006,0.576756068303315,0.084,0.02002002002002002,0.18018018018018017,0.096,0.04004004004004004,0.2202202202202202,-2.566537496363733,-2.643978043129371
2018-01-22,student,0.995,0.991,0.06006006006006006,-0.16101156497635,0.09,0.02002002002002002,0.18018018018018017,0.126,0.04004004004004004,0.2202202202202202,-2.722203119112782,-2.799855664574843
2018-01-23,student,0.994,0.989,0.06006006006006006,3.02199582887384,0.124,0.02002002002002002,0.18018018018018017,0.144,0.04004004004004004,0.2202202202202202,-2.609294186593378,-2.7010911495341334
2018-01-24,student,0.993,0.989,0.06006006006006006,2.1894010137318003,0.098,0.02002002002002002,0.18018018018018017,0.12,0.04004004004004004,0.2202202202202202,-2.9318081237107774,-3.0292528133713823
2018-01-25,student,0.996,0.992,0.06006006006006006,-3.045825635147485,0.09,0.02002002002002002,0.18018018018018017,0.126,0.04004004004004004,0.2202202202202202,-2.8049388295941875,-2.888796428999755
2018-01-29,student,0.994,0.992,0.06006006006006006,0.15008000488279996,0.104,0.02002002002002002,0.18018018018018017,0.126,0.04004004004004004,0.2202202202202202,-3.5224864739594386,-3.619847869531456
2018-01-30,student,0.995,0.992,0.06006006006006006,-0.28872675851324997,0.102,0.02002002002002002,0.18018018018018017,0.124,0.04004004004004004,0.2202202202202202,-3.2687720674557803,-3.3682162755256004
2018-01-31,student,0.997,0.992,0.06006006006006006,-0.9268565184019449,0.098,0.02002002002002002,0.18018018018018017,0.114,0.04004004004004004,0.2202202202202202,-3.0391554592411905,-3.1241581171910604
2018-02-01,student,0.998,0.993,0.06006006006006006,-1.40887160811465,0.082,0.02002002002002002,0.18018018018018017,0.112,0.04004004004004004,0.2202202202202202,-2.9699073117362613,-3.054721980941383
2018-02-02,student,0.998,0.993,0.06006006006006006,-1.5009288181616,0.09,0.02002002002002002,0.18018018018018017,0.112,0.04004004004004004,0.2202202202202202,-2.9917206991271987,-3.07914232462582
2018-02-05,student,0.997,0.993,0.06006006006006006,-0.10379078044834,0.088,0.02002002002002002,0.18018018018018017,0.106,0.04004004004004004,0.2202202202202202,-3.0467763745034637,-3.137022707263572
2018-02-06,student,0.998,0.995,0.06006006006006006,-2.4240396960623602,0.132,0.02002002002002002,0.18018018018018017,0.17,0.04004004004004004,0.2202202202202202,-2.9685568553800894,-3.0516230113873952
2018-02-07,student,0.998,0.995,0.06006006006006006,0.23826186846407,0.09,0.02002002002002002,0.18018018018018017,0.118,0.04004004004004004,0.2202202202202202,-3.0295973219511945,-3.106066112940806
2018-02-08,student,0.998,0.995,0.06006006006006006,2.57081395640505,0.098,0.02002002002002002,0.18018018018018017,0.12,0.04004004004004004,0.2202202202202202,-2.8221427002041355,-2.921321015396576
2018-02-09,bb7,0.998,0.993,0.06006006006006006,-1.9552931428116649,0.112,0.02002002002002002,0.18018018018018017,0.142,0.04004004004004004,0.2202202202202202,-3.0003555932219843,-3.0990264214418275
2018-02-12,bb7,0.997,0.992,0.06006006006006006,-1.594515695660235,0.09,0.02002002002002002,0.18018018018018017,0.106,0.04004004004004004,0.2202202202202202,-2.9460631675684827,-3.044660600987169
2018-02-14,student,0.997,0.992,0.06006006006006006,-2.45129266305389,0.104,0.02002002002002002,0.18018018018018017,0.13,0.04004004004004004,0.2202202202202202,-2.9893634797522464,-3.0862860883093726
2018-02-15,student,0.998,0.996,0.06006006006006006,1.2054546969261999,0.094,0.02002002002002002,0.18018018018018017,0.12,0.04004004004004004,0.2202202202202202,-3.4129270660775024,-3.516188471886816
2018-02-16,student,0.998,0.995,0.06006006006006006,-0.6745960250142149,0.09,0.02002002002002002,0.18018018018018017,0.114,0.04004004004004004,0.2202202202202202,-3.228529959415491,-3.3234103230919474
2018-02-19,bb7,0.998,0.993,0.06006006006006006,-0.419454297501655,0.116,0.02002002002002002,0.18018018018018017,0.148,0.04004004004004004,0.2202202202202202,-3.462565303059538,-3.56327154169184
2018-02-20,student,0.995,0.992,0.06006006006006006,0.442900411855995,0.106,0.02002002002002002,0.18018018018018017,0.136,0.04004004004004004,0.2202202202202202,-3.101326313264781,-3.1964279289664947
2018-02-21,student,0.996,0.992,0.06006006006006006,1.129735946176445,0.096,0.02002002002002002,0.18018018018018017,0.132,0.04004004004004004,0.2202202202202202,-3.0180128448477954,-3.1156853094802828
2018-02-22,bb7,0.997,0.992,0.06006006006006006,0.45014409639326,0.08,0.02002002002002002,0.18018018018018017,0.11,0.04004004004004004,0.2202202202202202,-2.8374646234346295,-2.9278141798699533
2018-02-23,student,0.995,0.992,0.06006006006006006,0.4086704530202301,0.1,0.02002002002002002,0.18018018018018017,0.124,0.04004004004004004,0.2202202202202202,-2.857723777548575,-2.958047988997193
2018-02-26,student,0.996,0.992,0.06006006006006006,-1.033825076097405,0.11,0.02002002002002002,0.18018018018018017,0.128,0.04004004004004004,0.2202202202202202,-2.787242420540726,-2.881452836731155
2018-02-27,student,0.996,0.992,0.06006006006006006,-0.7569617983500151,0.078,0.02002002002002002,0.18018018018018017,0.114,0.04004004004004004,0.2202202202202202,-2.7660304542615797,-2.8569124981959906
2018-02-28,student,0.996,0.992,0.06006006006006006,1.039069176986125,0.108,0.02002002002002002,0.18018018018018017,0.132,0.04004004004004004,0.2202202202202202,-2.882068957976618,-2.9800796271451047
2018-03-01,student,0.996,0.992,0.06006006006006006,-1.61138710702002,0.086,0.02002002002002002,0.18018018018018017,0.118,0.04004004004004004,0.2202202202202202,-2.7660841842429256,-2.858438891458219
2018-03-05,bb7,0.995,0.992,0.06006006006006006,0.047484357010335015,0.066,0.02002002002002002,0.18018018018018017,0.088,0.04004004004004004,0.2202202202202202,-2.835475498125633,-2.9178867622516718
2018-03-06,bb7,0.996,0.992,0.06006006006006006,-1.5336797355721998,0.078,0.02002002002002002,0.18018018018018017,0.102,0.04004004004004004,0.2202202202202202,-2.6607325138993345,-2.737940905152974
2018-03-07,student,0.996,0.992,0.06006006006006006,-2.28352290347203,0.09,0.02002002002002002,0.18018018018018017,0.132,0.04004004004004004,0.2202202202202202,-2.8957866363702944,-2.985579541992632
2018-03-08,student,0.997,0.992,0.06006006006006006,2.56185610422827,0.094,0.02002002002002002,0.18018018018018017,0.126,0.04004004004004004,0.2202202202202202,-3.2467293657308183,-3.331528594379788
2018-03-09,student,0.998,0.992,0.06006006006006006,-0.40508040550543006,0.098,0.02002002002002002,0.18018018018018017,0.124,0.04004004004004004,0.2202202202202202,-3.312711505994969,-3.4180211698763103
2018-03-12,student,0.995,0.989,0.06006006006006006,0.87240149579374,0.11,0.02002002002002002,0.18018018018018017,0.128,0.04004004004004004,0.2202202202202202,-3.1469551621367953,-3.237399163358603
2018-03-13,bb7,0.993,0.988,0.06006006006006006,0.28219583046598,0.116,0.02002002002002002,0.18018018018018017,0.15,0.04004004004004004,0.2202202202202202,-3.099583433437517,-3.2108170257426654
2018-03-14,student,0.993,0.988,0.06006006006006006,0.33235060821929,0.106,0.02002002002002002,0.18018018018018017,0.142,0.04004004004004004,0.2202202202202202,-2.9067318324238935,-3.0030466510348477
2018-03-15,student,0.994,0.988,0.06006006006006006,-0.5839921466107001,0.096,0.02002002002002002,0.18018018018018017,0.116,0.04004004004004004,0.2202202202202202,-2.7224905727791477,-2.807702645726959
2018-03-16,bb7,0.993,0.988,0.06006006006006006,-0.726895485259115,0.074,0.02002002002002002,0.18018018018018017,0.11,0.04004004004004004,0.2202202202202202,-2.800389299773735,-2.884428780004638
2018-03-19,student,0.994,0.989,0.06006006006006006,-1.9543144888195552,0.098,0.02002002002002002,0.18018018018018017,0.126,0.04004004004004004,0.2202202202202202,-2.6868038913462096,-2.770879379467512
2018-03-20,bb7,0.993,0.989,0.06006006006006006,1.0015164114528,0.074,0.02002002002002002,0.18018018018018017,0.092,0.04004004004004004,0.2202202202202202,-2.8057982061784914,-2.8883875914389607
2018-03-21,student,0.994,0.989,0.06006006006006006,-0.094792316926435,0.104,0.02002002002002002,0.18018018018018017,0.126,0.04004004004004004,0.2202202202202202,-2.7618116881830623,-2.8584336360005436
2018-03-22,bb7,0.994,0.989,0.06006006006006006,-1.5838485001754499,0.072,0.02002002002002002,0.18018018018018017,0.1,0.04004004004004004,0.2202202202202202,-2.5223068822036865,-2.6020220023242193
2018-03-23,student,0.995,0.991,0.06006006006006006,-1.14659297660538,0.114,0.02002002002002002,0.18018018018018017,0.15,0.04004004004004004,0.2202202202202202,-2.7995037827861764,-2.892504046849136
2018-03-26,student,0.997,0.992,0.06006006006006006,1.899713004278135,0.096,0.02002002002002002,0.18018018018018017,0.13,0.04004004004004004,0.2202202202202202,-2.9215965560891264,-3.0161679745506618
2018-03-27,student,0.998,0.992,0.06006006006006006,1.51334207995329,0.072,0.02002002002002002,0.18018018018018017,0.108,0.04004004004004004,0.2202202202202202,-3.094506818992105,-3.187206605577253
2018-03-28,student,0.997,0.992,0.06006006006006006,-1.853771273823865,0.078,0.02002002002002002,0.18018018018018017,0.1,0.04004004004004004,0.2202202202202202,-3.00453555518779,-3.0947492132460037
2018-04-02,student,0.998,0.993,0.06006006006006006,-0.520199197886115,0.094,0.02002002002002002,0.18018018018018017,0.118,0.04004004004004004,0.2202202202202202,-3.1227691619810516,-3.2330360291671076
2018-04-03,student,0.997,0.992,0.06006006006006006,1.0207891297135652,0.096,0.02002002002002002,0.18018018018018017,0.116,0.04004004004004004,0.2202202202202202,-2.98467171743017,-3.0723545588841565
2018-04-04,student,0.996,0.992,0.06006006006006006,-1.360414576257,0.118,0.02002002002002002,0.18018018018018017,0.14,0.04004004004004004,0.2202202202202202,-2.9688290314721897,-3.0822131996109223
2018-04-05,student,0.998,0.993,0.06006006006006006,3.3970629502535203,0.064,0.02002002002002002,0.18018018018018017,0.092,0.04004004004004004,0.2202202202202202,-2.8665464966453036,-2.9500546971583264
2018-04-06,student,0.998,0.995,0.06006006006006006,-0.8264212390964251,0.086,0.02002002002002002,0.18018018018018017,0.124,0.04004004004004004,0.2202202202202202,-3.1455357353311655,-3.2531762845485575
2018-04-09,student,0.997,0.992,0.06006006006006006,-0.52112278843452,0.106,0.02002002002002002,0.18018018018018017,0.128,0.04004004004004004,0.2202202202202202,-3.0073429283735114,-3.1112105913829664
2018-04-10,student,0.996,0.991,0.06006006006006006,0.6024074216013751,0.072,0.02002002002002002,0.18018018018018017,0.094,0.04004004004004004,0.2202202202202202,-2.7555885068558363,-2.838134384751951
2018-04-11,student,0.996,0.989,0.06006006006006006,-0.71627365238959,0.092,0.02002002002002002,0.18018018018018017,0.144,0.04004004004004004,0.2202202202202202,-2.6931774361481846,-2.7809610345654048
2018-04-12,student,0.998,0.992,0.06006006006006006,1.0409180655682853,0.086,0.02002002002002002,0.18018018018018017,0.106,0.04004004004004004,0.2202202202202202,-2.7270882551361075,-2.8072531770627873
2018-04-13,student,0.998,0.992,0.06006006006006006,-0.18546795671908,0.102,0.02002002002002002,0.18018018018018017,0.132,0.04004004004004004,0.2202202202202202,-2.9434072176520556,-3.0315567909451433
2018-04-16,student,0.997,0.991,0.06006006006006006,-2.04986111178563,0.096,0.02002002002002002,0.18018018018018017,0.124,0.04004004004004004,0.2202202202202202,-2.686731182505975,-2.7783458139963475
2018-04-17,student,0.997,0.992,0.06006006006006006,-0.5252162704991901,0.098,0.02002002002002002,0.18018018018018017,0.126,0.04004004004004004,0.2202202202202202,-2.893061365825156,-2.994470684295486
2018-04-18,student,0.998,0.992,0.06006006006006006,-0.31039769015131996,0.104,0.02002002002002002,0.18018018018018017,0.132,0.04004004004004004,0.22072072072072024,-2.6406374705851725,-2.7333520922157932
2018-04-19,student,0.998,0.992,0.06006006006006006,0.24455368644565,0.11,0.02002002002002002,0.18018018018018017,0.138,0.04004004004004004,0.22072072072072024,-2.553301570334472,-2.6406256554885394
2018-04-20,student,0.998,0.992,0.06006006006006006,0.957452532190185,0.094,0.02002002002002002,0.18018018018018017,0.114,0.04004004004004004,0.22072072072072024,-2.5284500668274577,-2.6077872440857726
2018-04-23,student,0.998,0.993,0.06006006006006006,0.649385803756935,0.076,0.02002002002002002,0.18018018018018017,0.104,0.04004004004004004,0.2202202202202202,-2.9371759007176106,-3.0318750706757887
2018-04-24,student,0.998,0.993,0.06006006006006006,-1.800540170144,0.066,0.02002002002002002,0.18018018018018017,0.084,0.04004004004004004,0.2202202202202202,-2.5138659681016486,-2.5993153920724352
2018-04-25,student,0.998,0.992,0.06006006006006006,-0.458901815322075,0.1,0.02002002002002002,0.18018018018018017,0.15,0.04004004004004004,0.2202202202202202,-2.713855896914459,-2.8085198008377437
2018-04-26,student,0.998,0.994,0.06006006006006006,-0.16136824249235493,0.1,0.02002002002002002,0.18018018018018017,0.134,0.04004004004004004,0.2202202202202202,-2.566528472713694,-2.65069038097832
2018-04-27,student,0.998,0.992,0.06006006006006006,2.34637786457791,0.088,0.02002002002002002,0.18018018018018017,0.104,0.04004004004004004,0.2202202202202202,-2.62514524367402,-2.707421317421636
2018-04-30,student,0.999,0.995,0.06006006006006006,1.376778183805075,0.104,0.02002002002002002,0.18018018018018017,0.128,0.04004004004004004,0.2202202202202202,-2.7048319537267336,-2.791472728148983
2018-05-02,student,0.998,0.992,0.06006006006006006,-1.21019404388655,0.082,0.02002002002002002,0.18018018018018017,0.136,0.04004004004004004,0.2202202202202202,-2.7216948677621557,-2.8094877536109593
2018-05-03,student,0.998,0.992,0.06006006006006006,-0.42299700798406004,0.108,0.02002002002002002,0.18018018018018017,0.132,0.04004004004004004,0.22072072072072024,-2.7762337968510566,-2.8708726201477486
2018-05-04,student,0.998,0.992,0.06006006006006006,-0.390812720601345,0.094,0.02002002002002002,0.18018018018018017,0.112,0.04004004004004004,0.22072072072072024,-2.708793178696801,-2.8029724004036694
2018-05-07,student,0.998,0.992,0.06006006006006006,1.35173656330389,0.116,0.02002002002002002,0.18018018018018017,0.144,0.04004004004004004,0.24024024024024024,-2.678135942943213,-2.7796700431895434
2018-05-08,student,0.998,0.994,0.06006006006006006,-0.028076360999715,0.072,0.02002002002002002,0.18018018018018017,0.108,0.04004004004004004,0.24024024024024024,-2.564267466397075,-2.6438945540327086
2018-05-09,student,0.999,0.995,0.06006006006006006,-0.191176985254675,0.126,0.02002002002002002,0.18018018018018017,0.154,0.04004004004004004,0.24024024024024024,-2.697462236524238,-2.7910781846432515
2018-05-10,student,0.999,0.995,0.06006006006006006,-0.12553425640815,0.092,0.02002002002002002,0.18018018018018017,0.13,0.04004004004004004,0.24024024024024024,-2.5232636700541407,-2.6084969531368136
2018-05-11,student,0.999,0.995,0.06006006006006006,1.02449826563015,0.102,0.02002002002002002,0.18018018018018017,0.118,0.04004004004004004,0.24024024024024024,-2.5037705465153293,-2.5800912372003055
2018-05-14,student,0.998,0.992,0.06006006006006006,1.005667753693875,0.098,0.02002002002002002,0.18018018018018017,0.12,0.04004004004004004,0.24024024024024024,-2.480265224777989,-2.555513723936664
2018-05-15,student,0.999,0.995,0.06006006006006006,-0.896258471953415,0.092,0.02002002002002002,0.18018018018018017,0.128,0.04004004004004004,0.24024024024024024,-2.547194639307182,-2.6474587377253966
2018-05-16,student,0.998,0.993,0.06006006006006006,-1.1906939332705249,0.108,0.02002002002002002,0.18018018018018017,0.134,0.04004004004004004,0.24024024024024024,-2.615397173504137,-2.705238351617417
2018-05-17,student,0.999,0.994,0.06006006006006006,-0.37945401192673,0.106,0.02002002002002002,0.18018018018018017,0.136,0.04004004004004004,0.24024024024024024,-2.72064937389723,-2.8102585828923434
2018-05-18,student,0.999,0.994,0.06006006006006006,-0.78682770562021,0.086,0.02002002002002002,0.18018018018018017,0.12,0.04004004004004004,0.24024024024024024,-2.6538569986814,-2.737093199792647
2018-05-21,student,0.999,0.994,0.06006006006006006,1.002138817417615,0.082,0.02002002002002002,0.18018018018018017,0.102,0.04004004004004004,0.22072072072072024,-2.637243382139576,-2.7142358639885513
2018-05-22,student,0.998,0.993,0.06006006006006006,2.5011284120366453,0.082,0.02002002002002002,0.18018018018018017,0.11,0.04004004004004004,0.22072072072072024,-2.5599064851763753,-2.6353823672954215
2018-05-23,student,0.999,0.993,0.06006006006006006,1.422447067140215,0.074,0.02002002002002002,0.18018018018018017,0.112,0.04004004004004004,0.24024024024024024,-2.6402637931299,-2.7248490242704713
2018-05-24,student,0.999,0.994,0.06006006006006006,2.49740541511999,0.116,0.02002002002002002,0.18018018018018017,0.15,0.04004004004004004,0.24024024024024024,-2.766444921202224,-2.8671584162124435
2018-05-25,student,0.999,0.995,0.06006006006006006,0.008576757697284998,0.09,0.02002002002002002,0.18018018018018017,0.116,0.04004004004004004,0.24024024024024024,-2.841812372239203,-2.9318401989978646
2018-05-28,student,0.999,0.996,0.06006006006006006,0.377170655435375,0.092,0.02002002002002002,0.20020020020020018,0.11,0.04004004004004004,0.24024024024024024,-2.5540304512690666,-2.6295650629943106
2018-05-29,student,1.0,0.996,0.06006006006006006,-1.350439546329945,0.07,0.02002002002002002,0.18018018018018017,0.098,0.04004004004004004,0.24024024024024024,-2.5727328953808684,-2.65093381804689
2018-05-30,student,1.0,0.997,0.06006006006006006,0.33037700010022997,0.086,0.02002002002002002,0.18018018018018017,0.114,0.04004004004004004,0.24024024024024024,-2.8075488620025335,-2.900589665859343
2018-05-31,student,1.0,0.997,0.06006006006006006,1.2697810258251698,0.086,0.02002002002002002,0.18018018018018017,0.128,0.04004004004004004,0.24024024024024024,-2.6979064375194506,-2.798618284648339
2018-06-01,student,1.0,0.995,0.06006006006006006,-0.9799718840968801,0.084,0.02002002002002002,0.18018018018018017,0.112,0.04004004004004004,0.24024024024024024,-2.6564767252778063,-2.7438916942913942
2018-06-04,student,1.0,0.997,0.06006006006006006,0.05752042753108,0.114,0.02002002002002002,0.20020020020020018,0.15,0.04004004004004004,0.24024024024024024,-2.7324510400640656,-2.815091358627346
2018-06-05,student,1.0,0.996,0.06006006006006006,-0.6495453915451801,0.08,0.02002002002002002,0.18018018018018017,0.116,0.04004004004004004,0.24024024024024024,-2.6676952125380122,-2.7524814183416275
2018-06-06,student,0.998,0.992,0.06006006006006006,1.911992844499565,0.098,0.02002002002002002,0.18018018018018017,0.126,0.04004004004004004,0.24024024024024024,-2.5668140898634983,-2.658253155475191
2018-06-07,student,0.999,0.995,0.06006006006006006,0.5098023178521001,0.102,0.02002002002002002,0.18018018018018017,0.126,0.04004004004004004,0.24024024024024024,-2.6736884276977366,-2.7857636854269194
2018-06-08,student,0.999,0.995,0.06006006006006006,0.91984301036941,0.102,0.02002002002002002,0.18018018018018017,0.168,0.04004004004004004,0.24024024024024024,-2.6024601947543164,-2.7204658556749766
2018-06-11,student,0.998,0.992,0.06006006006006006,0.27598494025764503,0.106,0.02002002002002002,0.18018018018018017,0.15,0.04004004004004004,0.24024024024024024,-2.525649748903259,-2.6264031468436726
2018-06-12,student,0.999,0.993,0.06006006006006006,1.4347285167552353,0.098,0.02002002002002002,0.18018018018018017,0.158,0.04004004004004004,0.24024024024024024,-2.526559927804691,-2.6329326774738906
2018-06-13,student,0.999,0.994,0.06006006006006006,1.49350673627062,0.118,0.02002002002002002,0.18018018018018017,0.166,0.04004004004004004,0.24024024024024024,-2.53975025919393,-2.6555446695557907
2018-06-14,student,0.999,0.994,0.06006006006006006,-1.47969897349288,0.064,0.02002002002002002,0.18018018018018017,0.096,0.04004004004004004,0.24024024024024024,-2.492007768307108,-2.571266039386537
2018-06-15,student,0.999,0.993,0.06006006006006006,0.7287652994725152,0.098,0.02002002002002002,0.20020020020020018,0.124,0.04004004004004004,0.24024024024024024,-2.615148502686811,-2.7017681152460185
2018-06-18,student,0.999,0.995,0.06006006006006006,-0.6516812281665151,0.09,0.02002002002002002,0.18018018018018017,0.14,0.04004004004004004,0.24024024024024024,-2.8637701074771678,-2.983613295990528
2018-06-19,student,1.0,0.997,0.06006006006006006,-1.801862776396045,0.092,0.02002002002002002,0.18018018018018017,0.126,0.04004004004004004,0.24024024024024024,-2.756670921337724,-2.8504818900972597
2018-06-20,student,0.999,0.996,0.06006006006006006,0.190627037725675,0.084,0.02002002002002002,0.18018018018018017,0.118,0.04004004004004004,0.24024024024024024,-2.6095090244924486,-2.717815940271348
2018-06-21,student,0.999,0.996,0.06006006006006006,-0.7214796103512351,0.11,0.02002002002002002,0.18018018018018017,0.15,0.04004004004004004,0.24024024024024024,-2.4705576424441777,-2.5586060433255016
2018-06-22,student,0.999,0.994,0.06006006006006006,0.86440178354824,0.092,0.02002002002002002,0.18018018018018017,0.124,0.04004004004004004,0.24024024024024024,-2.5849769198918966,-2.669535433792855
2018-06-25,student,1.0,0.996,0.06006006006006006,0.1265846222214,0.12,0.02002002002002002,0.18018018018018017,0.154,0.04004004004004004,0.24024024024024024,-2.6301968435881546,-2.762847757418648
2018-06-26,student,0.999,0.995,0.06006006006006006,0.015773776201644968,0.102,0.02002002002002002,0.18018018018018017,0.152,0.04004004004004004,0.24024024024024024,-2.700063861291689,-2.8180789090177023
2018-06-27,student,0.999,0.995,0.06006006006006006,-1.385430542965605,0.07,0.02002002002002002,0.18018018018018017,0.112,0.04004004004004004,0.24024024024024024,-2.5175323537196155,-2.6106950190211675
2018-06-28,student,0.999,0.993,0.06006006006006006,-0.140378652129185,0.076,0.02002002002002002,0.18018018018018017,0.114,0.04004004004004004,0.24024024024024024,-2.64135331429306,-2.7432077219116255
2018-06-29,student,0.999,0.995,0.06006006006006006,1.13287744164798,0.092,0.02002002002002002,0.18018018018018017,0.144,0.04004004004004004,0.24024024024024024,-2.734139858705682,-2.844413502515261
2018-07-02,student,0.999,0.994,0.06006006006006006,0.9444790388686101,0.11,0.02002002002002002,0.18018018018018017,0.14,0.04004004004004004,0.24024024024024024,-2.656867447860768,-2.771667470441641
2018-07-03,student,0.999,0.996,0.06006006006006006,0.44713298802560497,0.104,0.02002002002002002,0.18018018018018017,0.148,0.04004004004004004,0.24024024024024024,-2.6753121121706034,-2.796159332805086
2018-07-04,student,0.999,0.994,0.06006006006006006,-0.32650010998839,0.098,0.02002002002002002,0.18018018018018017,0.15,0.04004004004004004,0.24024024024024024,-2.585279643455898,-2.70956989318992
2018-07-05,student,0.999,0.995,0.06006006006006006,-2.522692854850715,0.108,0.02002002002002002,0.18018018018018017,0.154,0.04004004004004004,0.24074074074074028,-2.5049687974560957,-2.6113711044168495
2018-07-06,student,0.999,0.996,0.06006006006006006,0.15573235332468,0.086,0.02002002002002002,0.18018018018018017,0.136,0.04004004004004004,0.24074074074074028,-2.7853908420691296,-2.902911443990726
2018-07-09,student,0.999,0.997,0.06006006006006006,1.4037833694192,0.1,0.02002002002002002,0.18018018018018017,0.146,0.04004004004004004,0.24074074074074028,-2.459781122833093,-2.5692237274960315
2018-07-10,student,0.999,0.996,0.06006006006006006,0.516888398694515,0.104,0.02002002002002002,0.18018018018018017,0.144,0.04004004004004004,0.24074074074074028,-2.4193389181332043,-2.5317034451938087
2018-07-11,student,1.0,0.996,0.06006006006006006,-0.16279286593982,0.096,0.02002002002002002,0.18018018018018017,0.136,0.04004004004004004,0.24074074074074028,-2.424690807965224,-2.531505152813181
2018-07-12,student,0.999,0.994,0.06006006006006006,-0.29874032479805,0.14,0.02002002002002002,0.18018018018018017,0.168,0.04004004004004004,0.24074074074074028,-2.5685128268281994,-2.679068030170939
2018-07-13,student,0.999,0.995,0.06006006006006006,-0.07806324029657496,0.082,0.02002002002002002,0.18018018018018017,0.118,0.04004004004004004,0.24074074074074028,-2.5212990382698854,-2.6215814995534137
2018-07-16,student,0.999,0.993,0.06006006006006006,-0.6245147592248149,0.092,0.02002002002002002,0.18018018018018017,0.128,0.04004004004004004,0.24074074074074028,-2.565149449802171,-2.679916924823574
2018-07-17,student,0.998,0.993,0.06006006006006006,1.2729812569727,0.096,0.02002002002002002,0.18018018018018017,0.14,0.04004004004004004,0.24024024024024024,-2.7405793373962006,-2.8545431890925395
2018-07-18,student,0.998,0.993,0.06006006006006006,-0.105433325520675,0.076,0.02002002002002002,0.18018018018018017,0.124,0.04004004004004004,0.24024024024024024,-2.685848302235041,-2.785754794085544
2018-07-19,student,0.998,0.993,0.06006006006006006,-0.09658760207267003,0.106,0.02002002002002002,0.18018018018018017,0.14,0.04004004004004004,0.24024024024024024,-2.6318851525122033,-2.7525528409138507
2018-07-20,student,0.998,0.993,0.06006006006006006,1.427559344253665,0.104,0.02002002002002002,0.18018018018018017,0.16,0.04004004004004004,0.24024024024024024,-2.5980237894633667,-2.7100093329802735
2018-07-23,student,0.998,0.993,0.06006006006006006,1.20914820913381,0.094,0.02002002002002002,0.18018018018018017,0.132,0.04004004004004004,0.24024024024024024,-2.5853429429188663,-2.696238725941144
2018-07-24,student,0.998,0.993,0.06006006006006006,0.8694621625151651,0.118,0.02002002002002002,0.18018018018018017,0.172,0.04004004004004004,0.24024024024024024,-2.5320095270448832,-2.653589085827265
2018-07-25,student,0.998,0.993,0.06006006006006006,1.16726463633765,0.088,0.02002002002002002,0.18018018018018017,0.134,0.04004004004004004,0.24024024024024024,-2.4850277872997117,-2.605523602484506
2018-07-26,student,0.999,0.995,0.06006006006006006,2.452525999729525,0.126,0.02002002002002002,0.18018018018018017,0.174,0.04004004004004004,0.24024024024024024,-2.515807746424869,-2.6448929207318135
2018-07-27,student,0.999,0.996,0.06006006006006006,-0.158091959029315,0.114,0.02002002002002002,0.18018018018018017,0.156,0.04004004004004004,0.24024024024024024,-2.7371561260652206,-2.8535218847400623
2018-07-30,student,0.999,0.995,0.06006006006006006,0.9993147045216451,0.08,0.02002002002002002,0.18018018018018017,0.13,0.04004004004004004,0.24024024024024024,-2.61349951734127,-2.722819169746562
2018-07-31,student,0.999,0.995,0.06006006006006006,-0.14088802013642998,0.082,0.02002002002002002,0.18018018018018017,0.122,0.04004004004004004,0.24024024024024024,-2.6664884089632563,-2.7673848075653265
2018-08-01,student,0.999,0.995,0.06006006006006006,-0.13454522808647007,0.094,0.02002002002002002,0.18018018018018017,0.14,0.04004004004004004,0.24024024024024024,-2.6461753908015173,-2.7577441522879154
2018-08-02,student,0.999,0.996,0.06006006006006006,-0.21850423975399502,0.106,0.02002002002002002,0.18018018018018017,0.146,0.04004004004004004,0.24074074074074028,-2.604909040997737,-2.7210607169860896
2018-08-03,student,0.999,0.996,0.06006006006006006,1.28650487512678,0.092,0.02002002002002002,0.18018018018018017,0.12,0.04004004004004004,0.24074074074074028,-2.539876505836927,-2.6555732801161374
2018-08-06,student,0.999,0.995,0.06006006006006006,1.39550444449377,0.076,0.02002002002002002,0.18018018018018017,0.118,0.04004004004004004,0.24074074074074028,-2.5569558953760234,-2.6532880330514925
2018-08-07,student,0.998,0.993,0.06006006006006006,-0.4589453984389001,0.108,0.02002002002002002,0.18018018018018017,0.158,0.04004004004004004,0.24074074074074028,-2.5112673622644106,-2.614118250484937
2018-08-08,student,1.0,1.0,0.08008008008008008,0.568472209758765,0.104,0.02002002002002002,0.18018018018018017,0.14,0.04004004004004004,0.24024024024024024,-2.647337560141541,-2.7487342579876324
2018-08-09,student,0.998,0.993,0.06006006006006006,2.01676934449151,0.09,0.02002002002002002,0.18018018018018017,0.14,0.04004004004004004,0.24074074074074028,-2.465371540257589,-2.5751456058220894
2018-08-10,student,0.999,0.994,0.06006006006006006,-1.8839132136459997,0.11,0.02002002002002002,0.18018018018018017,0.168,0.04004004004004004,0.24074074074074028,-2.641350418240745,-2.760317805836701
2018-08-13,student,0.999,0.993,0.06006006006006006,-0.8869687818792349,0.108,0.02002002002002002,0.18018018018018017,0.142,0.04004004004004004,0.24024024024024024,-3.0173073365125394,-3.1307810727140897
2018-08-14,student,0.999,0.993,0.06006006006006006,0.111359985025335,0.092,0.02002002002002002,0.18018018018018017,0.124,0.04004004004004004,0.24024024024024024,-3.2678151612366184,-3.3948831455500574
2018-08-16,student,0.998,0.993,0.06006006006006006,0.37441127740727004,0.108,0.02002002002002002,0.20020020020020018,0.14,0.04004004004004004,0.24024024024024024,-3.1398067271407033,-3.2517084256465916
2018-08-17,student,0.999,0.993,0.06006006006006006,1.608444539907155,0.096,0.02002002002002002,0.18018018018018017,0.144,0.04004004004004004,0.24024024024024024,-3.0425615970348265,-3.1540369034098603
2018-08-20,student,0.999,0.993,0.06006006006006006,-0.7277872132273749,0.108,0.02002002002002002,0.18018018018018017,0.14,0.04004004004004004,0.24024024024024024,-2.8977532045605603,-3.009489781034315
2018-08-21,student,0.999,0.993,0.06006006006006006,-0.11658899612790499,0.066,0.02002002002002002,0.18018018018018017,0.108,0.04004004004004004,0.24024024024024024,-2.925544221143953,-3.0325517013587167
2018-08-23,student,0.999,0.993,0.06006006006006006,-0.2629996744425199,0.084,0.02002002002002002,0.18018018018018017,0.12,0.04004004004004004,0.24024024024024024,-2.7587608379234245,-2.860883711347105
2018-08-24,student,0.998,0.993,0.06006006006006006,-1.01985741766521,0.096,0.02002002002002002,0.18018018018018017,0.134,0.04004004004004004,0.24024024024024024,-2.8031430236397097,-2.9251101878055077
2018-08-27,student,0.998,0.993,0.06006006006006006,2.56899176313855,0.118,0.02002002002002002,0.18018018018018017,0.172,0.04004004004004004,0.24024024024024024,-2.8614768530372583,-2.983891053761444
2018-08-28,student,0.998,0.993,0.06006006006006006,-0.10461725567277502,0.084,0.02002002002002002,0.18018018018018017,0.122,0.04004004004004004,0.24024024024024024,-2.80151830262598,-2.9119387938058985
2018-08-29,student,0.999,0.995,0.06006006006006006,0.19225636915175015,0.076,0.02002002002002002,0.20020020020020018,0.102,0.04004004004004004,0.24024024024024024,-2.575791394475153,-2.6589859771029416
2018-08-30,student,0.999,0.994,0.06006006006006006,0.03790851751575999,0.106,0.02002002002002002,0.18018018018018017,0.148,0.04004004004004004,0.24024024024024024,-2.617612642983044,-2.7390115714267766
2018-08-31,student,0.999,0.994,0.06006006006006006,1.03323222337771,0.074,0.02002002002002002,0.18018018018018017,0.112,0.04004004004004004,0.24024024024024024,-2.4478077941471783,-2.5415964772542643
2018-09-03,student,0.999,0.995,0.06006006006006006,-0.765882498389735,0.092,0.02002002002002002,0.18018018018018017,0.124,0.04004004004004004,0.24024024024024024,-2.551871775301237,-2.6606255289366736
2018-09-04,student,0.999,0.995,0.06006006006006006,-0.27383425015086504,0.068,0.02002002002002002,0.18018018018018017,0.094,0.04004004004004004,0.24024024024024024,-2.4094096030590006,-2.484174949249727
2018-09-05,student,0.999,0.995,0.06006006006006006,-0.46889938274357007,0.094,0.02002002002002002,0.18018018018018017,0.128,0.04004004004004004,0.24024024024024024,-2.806953678102851,-2.9055450524841406
2018-09-06,student,0.999,0.994,0.06006006006006006,-0.20560080346379497,0.104,0.02002002002002002,0.18018018018018017,0.148,0.04004004004004004,0.24024024024024024,-2.7503439378940087,-2.8599972672141467
2018-09-07,student,0.999,0.995,0.06006006006006006,-0.429213376712225,0.094,0.02002002002002002,0.18018018018018017,0.136,0.04004004004004004,0.24024024024024024,-2.627934136281473,-2.7314913075931697
2018-09-10,student,0.999,0.993,0.06006006006006006,-1.3128097033947201,0.096,0.02002002002002002,0.18018018018018017,0.134,0.04004004004004004,0.24024024024024024,-2.6126201004038556,-2.7118010630908356
2018-09-11,student,0.998,0.993,0.06006006006006006,-0.16104613425641995,0.106,0.02002002002002002,0.18018018018018017,0.154,0.04004004004004004,0.24024024024024024,-2.823279124510389,-2.934159654233666
2018-09-12,student,0.999,0.993,0.06006006006006006,1.0576233451429298,0.096,0.02002002002002002,0.18018018018018017,0.128,0.04004004004004004,0.24024024024024024,-2.7105224938644383,-2.8077595326697677
2018-09-14,student,0.999,0.993,0.06006006006006006,0.30587498748921493,0.094,0.02002002002002002,0.18018018018018017,0.13,0.04004004004004004,0.24024024024024024,-2.620906549403083,-2.7191062412425104
2018-09-17,student,0.999,0.993,0.06006006006006006,-1.45988369536945,0.108,0.02002002002002002,0.18018018018018017,0.142,0.04004004004004004,0.24024024024024024,-2.6635884678913944,-2.7834235007031984
2018-09-18,student,0.999,0.993,0.06006006006006006,-2.53120286952464,0.082,0.02002002002002002,0.18018018018018017,0.13,0.04004004004004004,0.24024024024024024,-2.701739783596566,-2.811483734337552
2018-09-19,student,1.0,0.996,0.06006006006006006,-0.376621762118555,0.09,0.02002002002002002,0.18018018018018017,0.128,0.04004004004004004,0.24024024024024024,-3.019754310024966,-3.1337549365496047
2018-09-21,student,1.0,0.996,0.06006006006006006,-1.180042791397355,0.114,0.02002002002002002,0.18018018018018017,0.144,0.04004004004004004,0.24024024024024024,-2.9859981879322115,-3.1013101975734716
2018-09-24,student,1.0,0.997,0.06006006006006006,-0.25867525815624004,0.098,0.02002002002002002,0.18018018018018017,0.154,0.04004004004004004,0.24024024024024024,-2.908294228409496,-3.023093727535204
2018-09-25,student,1.0,0.995,0.06006006006006006,1.77419421472968,0.098,0.02002002002002002,0.18018018018018017,0.132,0.04004004004004004,0.24024024024024024,-2.9821581666399393,-3.103845089693489
2018-09-26,student,1.0,0.996,0.06006006006006006,-1.8967126074399798,0.076,0.02002002002002002,0.18018018018018017,0.106,0.04004004004004004,0.24024024024024024,-2.8799514045686494,-2.9866445076727888
2018-09-27,student,1.0,0.999,0.06006006006006006,0.76521346777265,0.096,0.02002002002002002,0.18018018018018017,0.15,0.04004004004004004,0.24024024024024024,-2.9793724160010306,-3.0814267244941522
2018-09-28,student,1.0,0.999,0.06006006006006006,0.38912371187347,0.118,0.02002002002002002,0.18018018018018017,0.156,0.04004004004004004,0.24024024024024024,-2.8973265688920917,-2.998089533518433
2018-10-01,student,1.0,1.0,0.06006006006006006,2.672456837747145,0.09,0.02002002002002002,0.18018018018018017,0.124,0.04004004004004004,0.24024024024024024,-2.719587956993003,-2.8095116929745396
2018-10-03,student,1.0,0.999,0.08008008008008008,-1.624536368757045,0.094,0.02002002002002002,0.18018018018018017,0.126,0.04004004004004004,0.24024024024024024,-2.8356753606544953,-2.933392467018037
2018-10-04,student,1.0,1.0,0.08008008008008008,-1.54815895684216,0.108,0.02002002002002002,0.18018018018018017,0.142,0.04004004004004004,0.24024024024024024,-2.7539717583275105,-2.845445300368715
2018-10-05,student,1.0,1.0,0.08008008008008008,-1.239408184249655,0.09,0.02002002002002002,0.18018018018018017,0.134,0.04004004004004004,0.24024024024024024,-2.781563683212616,-2.8863836752546166
2018-10-08,student,1.0,1.0,0.06006006006006006,0.7067089135146251,0.106,0.02002002002002002,0.18018018018018017,0.12,0.04004004004004004,0.24024024024024024,-3.4204518288475385,-3.531022394806092
2018-10-09,student,1.0,0.999,0.06006006006006006,-0.29918582095599505,0.1,0.02002002002002002,0.18018018018018017,0.136,0.04004004004004004,0.24024024024024024,-3.190727781300663,-3.2959898811977726
2018-10-10,student,1.0,0.999,0.06006006006006006,1.679711106101705,0.108,0.02002002002002002,0.18018018018018017,0.136,0.04004004004004004,0.24024024024024024,-3.1333992126771277,-3.236764829002987
2018-10-11,student,1.0,0.999,0.08008008008008008,-5.0248872247655445,0.108,0.02002002002002002,0.18018018018018017,0.144,0.04004004004004004,0.24024024024024024,-3.3632277016493273,-3.473063582730581
2018-10-12,bb7,0.998,0.993,0.10010010010010009,0.707306857972945,0.094,0.02002002002002002,0.20020020020020018,0.12,0.04004004004004004,0.24024024024024024,-4.087850772383081,-4.20785779866294
2018-10-15,student,1.0,0.997,0.08008008008008008,1.347538169384945,0.116,0.02002002002002002,0.20020020020020018,0.14,0.04004004004004004,0.24024024024024024,-3.751653733088803,-3.8687107123063957
2018-10-16,student,0.999,0.993,0.10010010010010009,1.076252019639075,0.13,0.02002002002002002,0.20020020020020018,0.174,0.04004004004004004,0.24024024024024024,-3.812792971295209,-3.9443529520539222
2018-10-17,bb7,0.999,0.995,0.08008008008008008,-1.00074065623804,0.09,0.02002002002002002,0.20020020020020018,0.13,0.04004004004004004,0.24024024024024024,-3.4365536960327483,-3.5490702899594297
2018-10-19,bb7,0.999,0.995,0.08008008008008008,-1.57928245078825,0.102,0.02002002002002002,0.20020020020020018,0.128,0.04004004004004004,0.24024024024024024,-3.547261621170441,-3.6673314352299364
2018-10-22,bb7,0.998,0.993,0.10010010010010009,-0.40786013432330004,0.082,0.02002002002002002,0.20020020020020018,0.114,0.04004004004004004,0.24024024024024024,-3.5487052036891744,-3.6696409540201493
2018-10-23,bb7,1.0,0.999,0.08008008008008008,-2.5820049350492598,0.088,0.02002002002002002,0.20020020020020018,0.104,0.04004004004004004,0.24024024024024024,-3.1211185821817478,-3.214250262996661
2018-10-24,bb7,1.0,0.999,0.08008008008008008,-0.586835952915135,0.094,0.02002002002002002,0.20020020020020018,0.12,0.04004004004004004,0.24024024024024024,-3.2633330050990894,-3.3758330116629005
2018-10-25,bb7,1.0,0.999,0.08008008008008008,-0.7565762486869649,0.1,0.02002002002002002,0.20020020020020018,0.126,0.04004004004004004,0.24024024024024024,-3.096446434061775,-3.2067645741747164
2018-10-26,bb7,1.0,0.999,0.08008008008008008,-1.4728604502436051,0.102,0.02002002002002002,0.20020020020020018,0.122,0.04004004004004004,0.24024024024024024,-3.0711964054909466,-3.172956361512835
2018-10-29,bb7,0.998,0.993,0.10010010010010009,4.711340182163389,0.102,0.02002002002002002,0.20020020020020018,0.128,0.04004004004004004,0.24024024024024024,-3.1365204184628004,-3.2346721313700417
2018-10-30,bb7,0.998,0.993,0.10010010010010009,2.108911223014685,0.096,0.02002002002002002,0.20020020020020018,0.134,0.04004004004004004,0.24074074074074028,-3.369193403222846,-3.4794483164734658
2018-10-31,bb7,0.998,0.993,0.10010010010010009,3.479157258959455,0.106,0.02002002002002002,0.20020020020020018,0.148,0.04004004004004004,0.24074074074074028,-3.37648316766278,-3.4942792490011234
2018-11-01,student,0.998,0.993,0.08008008008008008,-0.6627804213038999,0.094,0.02002002002002002,0.20020020020020018,0.148,0.04004004004004004,0.24074074074074028,-3.509898545757677,-3.634159250180766
2018-11-02,student,0.998,0.994,0.08008008008008008,-0.43112745112327,0.112,0.02002002002002002,0.20020020020020018,0.138,0.04004004004004004,0.24074074074074028,-3.248236641970701,-3.373764227476829
2018-11-05,student,0.998,0.994,0.08008008008008008,1.936803415701375,0.11,0.02002002002002002,0.20020020020020018,0.15,0.04004004004004004,0.24074074074074028,-2.957094196376023,-3.064122275244914
2018-11-06,bb7,0.999,0.995,0.08008008008008008,-1.428343644300075,0.092,0.02002002002002002,0.20020020020020018,0.116,0.04004004004004004,0.24074074074074028,-2.924926041413173,-3.021988286964743
2018-11-07,bb7,1.0,0.999,0.08008008008008008,0.69185165198829,0.104,0.02002002002002002,0.20020020020020018,0.126,0.04004004004004004,0.24074074074074028,-3.032584492705434,-3.1358530636944035
2018-11-09,bb7,1.0,0.999,0.10010010010010009,-1.77769006157696,0.116,0.02002002002002002,0.20020020020020018,0.15,0.04004004004004004,0.24074074074074028,-3.0148222331938697,-3.1114191143503276
2018-11-12,student,1.0,0.999,0.08008008008008008,-0.58938490318133,0.12,0.02002002002002002,0.20020020020020018,0.172,0.04004004004004004,0.24074074074074028,-3.104712420882367,-3.2203767798513687
2018-11-13,bb7,1.0,1.0,0.08008008008008008,0.13077042371022002,0.134,0.02002002002002002,0.20020020020020018,0.168,0.04004004004004004,0.24074074074074028,-3.001437741968182,-3.1109574608647845
2018-11-14,student,1.0,0.999,0.08008008008008008,0.0404196107754049,0.12,0.02002002002002002,0.20020020020020018,0.164,0.04004004004004004,0.24074074074074028,-2.811995688662346,-2.910798890277127
2018-11-15,student,0.998,0.995,0.10010010010010009,0.56068579182811,0.144,0.02002002002002002,0.20020020020020018,0.182,0.04004004004004004,0.24074074074074028,-2.9758284289698955,-3.0859055287458443
2018-11-16,bb7,0.999,0.997,0.10010010010010009,0.5298295721372701,0.126,0.02002002002002002,0.20020020020020018,0.148,0.04004004004004004,0.24074074074074028,-2.752217404048062,-2.8523698159487476
2018-11-19,bb7,0.998,0.995,0.08008008008008008,-0.40965055707160003,0.084,0.02002002002002002,0.20020020020020018,0.128,0.04004004004004004,0.24074074074074028,-2.617412692516501,-2.707616386843334
2018-11-20,student,0.998,0.997,0.10010010010010009,-1.618820712716615,0.118,0.02002002002002002,0.20020020020020018,0.154,0.04004004004004004,0.24024024024024024,-2.670977441379022,-2.757190136484402
2018-11-21,student,0.999,0.998,0.10010010010010009,-1.1382899532231248,0.1,0.02002002002002002,0.20020020020020018,0.13,0.04004004004004004,0.24074074074074028,-2.7702088214158147,-2.857350588019036
2018-11-22,student,0.999,0.997,0.10010010010010009,-0.630431571885355,0.118,0.02002002002002002,0.20020020020020018,0.156,0.04004004004004004,0.24024024024024024,-2.931324877974158,-3.033507885089924
2018-11-26,student,0.999,0.997,0.10010010010010009,0.70650979902429,0.114,0.02002002002002002,0.20020020020020018,0.148,0.04004004004004004,0.24024024024024024,-2.6874502533201348,-2.7721689384222774
2018-11-27,student,0.999,0.997,0.10010010010010009,1.905634464248555,0.088,0.02002002002002002,0.20020020020020018,0.12,0.04004004004004004,0.24024024024024024,-2.6558634793597307,-2.7444219042326714
2018-11-28,student,0.999,0.997,0.10010010010010009,1.2620821679245249,0.102,0.02002002002002002,0.20020020020020018,0.126,0.04004004004004004,0.24024024024024024,-2.8382103414642588,-2.935977914948043
2018-11-29,student,0.999,0.998,0.10010010010010009,-0.07901955786714998,0.09,0.02002002002002002,0.20020020020020018,0.114,0.04004004004004004,0.24024024024024024,-3.317905462413575,-3.4220380956451155
2018-11-30,student,0.999,0.997,0.10010010010010009,0.17530670929556502,0.096,0.02002002002002002,0.20020020020020018,0.15,0.04004004004004004,0.24024024024024024,-2.6724788583146943,-2.769285217219628
2018-12-03,student,0.999,0.998,0.10010010010010009,0.592991847011185,0.13,0.02002002002002002,0.20020020020020018,0.152,0.04004004004004004,0.24024024024024024,-2.5761588667393522,-2.6604846735402132
2018-12-04,student,0.999,0.998,0.10010010010010009,0.35271660697249496,0.102,0.02002002002002002,0.20020020020020018,0.14,0.04004004004004004,0.24024024024024024,-2.5588961422810925,-2.6461236509904857
2018-12-05,student,0.999,0.996,0.10010010010010009,-0.7082092579999051,0.1,0.02002002002002002,0.20020020020020018,0.12,0.04004004004004004,0.24024024024024024,-2.7607246014341458,-2.859391372757249
2018-12-06,student,0.999,0.996,0.10010010010010009,-1.7653316037723048,0.118,0.02002002002002002,0.20020020020020018,0.142,0.04004004004004004,0.24024024024024024,-2.493429580122018,-2.5738339310351837
2018-12-07,student,0.998,0.995,0.10010010010010009,1.0129061458637398,0.09,0.02002002002002002,0.20020020020020018,0.128,0.04004004004004004,0.24024024024024024,-2.6686826423663885,-2.760144058364032
2018-12-10,student,0.993,0.989,0.10010010010010009,-1.22427137878211,0.118,0.02002002002002002,0.20020020020020018,0.162,0.04004004004004004,0.24024024024024024,-2.78184589931755,-2.872672953365478
2018-12-11,student,0.988,0.982,0.10010010010010009,1.6637370355812449,0.074,0.02002002002002002,0.20020020020020018,0.104,0.04004004004004004,0.24024024024024024,-2.5225010393552667,-2.600244845067723
2018-12-12,student,0.993,0.989,0.10010010010010009,1.001737104802055,0.118,0.02002002002002002,0.20020020020020018,0.144,0.04004004004004004,0.24024024024024024,-2.5671475344219257,-2.6537366053496307
2018-12-13,student,0.999,0.997,0.10010010010010009,2.0518435520608653,0.12,0.02002002002002002,0.20020020020020018,0.156,0.04004004004004004,0.24024024024024024,-2.5660641025571755,-2.6622437972617963
2018-12-14,student,0.999,0.997,0.10010010010010009,0.625851974155375,0.096,0.02002002002002002,0.20020020020020018,0.118,0.04004004004004004,0.24024024024024024,-2.867014948615486,-2.959397184747766
2018-12-17,student,0.999,0.997,0.10010010010010009,-0.780050656446395,0.134,0.02002002002002002,0.20020020020020018,0.162,0.04004004004004004,0.24024024024024024,-2.5625004009322714,-2.6399452226053346
2018-12-18,student,0.998,0.995,0.10010010010010009,-0.7402127012733899,0.114,0.02002002002002002,0.20020020020020018,0.152,0.04004004004004004,0.24024024024024024,-2.48710576783212,-2.5687552379651173
2018-12-19,student,0.997,0.993,0.10010010010010009,0.46375328156683004,0.104,0.02002002002002002,0.20020020020020018,0.13,0.04004004004004004,0.24024024024024024,-2.5833540315368646,-2.666908373818629
2018-12-20,student,0.998,0.995,0.10010010010010009,-0.95297562142066,0.102,0.02002002002002002,0.20020020020020018,0.136,0.04004004004004004,0.24024024024024024,-2.5410238625945794,-2.626727160352048
2018-12-21,student,0.998,0.993,0.10010010010010009,-1.9547083466412951,0.102,0.02002002002002002,0.20020020020020018,0.136,0.04004004004004004,0.24024024024024024,-2.6318148907126813,-2.718973736547162
2018-12-24,student,0.998,0.995,0.10010010010010009,0.412772254487605,0.104,0.02002002002002002,0.20020020020020018,0.144,0.04004004004004004,0.24024024024024024,-2.7934280641606968,-2.88974125965842
2018-12-26,student,0.998,0.997,0.10010010010010009,-0.19550119657439,0.1,0.02002002002002002,0.20020020020020018,0.136,0.04004004004004004,0.24024024024024024,-2.5406044783241986,-2.623855356244177
2018-12-27,student,0.998,0.996,0.10010010010010009,0.6390598706066151,0.094,0.02002002002002002,0.20020020020020018,0.128,0.04004004004004004,0.24024024024024024,-2.5476493676390572,-2.6319221118750247
2018-12-28,student,0.998,0.996,0.10010010010010009,0.46288784119164506,0.082,0.02002002002002002,0.20020020020020018,0.104,0.04004004004004004,0.24024024024024024,-2.585568084239059,-2.6650666095102133
2018-12-31,student,0.998,0.995,0.10010010010010009,0.33821880884362,0.104,0.02002002002002002,0.20020020020020018,0.14,0.04004004004004004,0.24024024024024024,-2.491380053436481,-2.576879998203799
2019-01-01,student,0.998,0.995,0.10010010010010009,1.08206038123737,0.096,0.02002002002002002,0.20020020020020018,0.118,0.04004004004004004,0.24024024024024024,-2.444757380745219,-2.51682643279633
2019-01-02,student,0.998,0.993,0.10010010010010009,-0.660615022947135,0.088,0.02002002002002002,0.20020020020020018,0.14,0.04004004004004004,0.24024024024024024,-2.4618464834271925,-2.539146074729608
2019-01-03,student,0.997,0.993,0.10010010010010009,-0.47115747140936504,0.116,0.02002002002002002,0.20020020020020018,0.146,0.04004004004004004,0.24024024024024024,-2.5807670378893692,-2.663832847638639
2019-01-04,student,0.998,0.995,0.10010010010010009,0.5036317840715598,0.108,0.02002002002002002,0.20020020020020018,0.144,0.04004004004004004,0.24024024024024024,-2.5208302627441115,-2.603275761947316
2019-01-07,student,1.0,1.0,0.08008008008008008,0.5718269125292251,0.098,0.02002002002002002,0.20020020020020018,0.126,0.04004004004004004,0.24024024024024024,-2.4375957002793838,-2.5159417877270513
2019-01-08,student,1.0,0.998,0.08008008008008008,1.37315034635167,0.12,0.02002002002002002,0.20020020020020018,0.154,0.04004004004004004,0.24024024024024024,-2.621142249850015,-2.7189840354906987
2019-01-09,student,1.0,0.998,0.08008008008008008,0.44943233780625,0.1,0.02002002002002002,0.20020020020020018,0.126,0.04004004004004004,0.24024024024024024,-2.6634769862761902,-2.770950801425012
2019-01-10,student,1.0,0.998,0.10010010010010009,0.30645053561367,0.112,0.02002002002002002,0.20020020020020018,0.134,0.04004004004004004,0.24024024024024024,-2.5966444594321128,-2.6848423284258214
2019-01-11,student,1.0,0.998,0.10010010010010009,-0.18154067201414498,0.1,0.02002002002002002,0.20020020020020018,0.124,0.04004004004004004,0.24024024024024024,-2.384569393676752,-2.461754387119002
2019-01-14,student,1.0,1.0,0.10010010010010009,0.93859429961993,0.114,0.02002002002002002,0.20020020020020018,0.146,0.04004004004004004,0.24024024024024024,-2.463210409795517,-2.5467079027572272
2019-01-15,student,1.0,1.0,0.10010010010010009,1.9368816087125251,0.1,0.02002002002002002,0.20020020020020018,0.122,0.04004004004004004,0.24024024024024024,-2.6593417626417355,-2.7527169367906583
2019-01-16,student,1.0,1.0,0.10010010010010009,0.945033674976135,0.126,0.02002002002002002,0.20020020020020018,0.144,0.04004004004004004,0.24024024024024024,-2.9621496815881465,-3.070588996685214
2019-01-17,student,1.0,1.0,0.10010010010010009,-1.19216132110391,0.094,0.02002002002002002,0.20020020020020018,0.124,0.04004004004004004,0.24024024024024024,-2.4385630627397714,-2.51841258651063
2019-01-18,student,1.0,1.0,0.10010010010010009,-0.5774944163250201,0.106,0.02002002002002002,0.20020020020020018,0.134,0.04004004004004004,0.24024024024024024,-2.4261268672540957,-2.5104441305493057
2019-01-21,student,1.0,1.0,0.10010010010010009,0.526344000542185,0.126,0.02002002002002002,0.20020020020020018,0.146,0.04004004004004004,0.24024024024024024,-2.491010584170929,-2.5693388610149377
2019-01-22,student,1.0,1.0,0.10010010010010009,-0.354075315067845,0.104,0.02002002002002002,0.20020020020020018,0.146,0.04004004004004004,0.24024024024024024,-2.5957337671175864,-2.6813123411465902
2019-01-23,student,1.0,1.0,0.10010010010010009,-1.55161496802665,0.108,0.02002002002002002,0.20020020020020018,0.138,0.04004004004004004,0.24024024024024024,-2.4441446092336387,-2.535084219261155
2019-01-24,student,1.0,1.0,0.10010010010010009,0.541630001082455,0.084,0.02002002002002002,0.18018018018018017,0.124,0.04004004004004004,0.24024024024024024,-2.4937496225412032,-2.581379527148547
2019-01-25,student,1.0,1.0,0.10010010010010009,-0.57496255089082,0.086,0.02002002002002002,0.18018018018018017,0.118,0.04004004004004004,0.24024024024024024,-2.4054203461538526,-2.479717044261209
2019-01-28,student,1.0,1.0,0.10010010010010009,-0.83477309866537,0.102,0.02002002002002002,0.18018018018018017,0.126,0.04004004004004004,0.24024024024024024,-2.3615633444754995,-2.4347422216098997
2019-01-29,student,1.0,1.0,0.10010010010010009,-0.18131189827367347,0.092,0.02002002002002002,0.20020020020020018,0.122,0.04004004004004004,0.24024024024024024,-2.464724128686696,-2.549413733807073
2019-01-30,student,1.0,1.0,0.10010010010010009,1.068377108126785,0.104,0.02002002002002002,0.20020020020020018,0.132,0.04004004004004004,0.24024024024024024,-2.4168729825562774,-2.4991908660241817
2019-01-31,student,1.0,1.0,0.10010010010010009,2.6700244804833497,0.088,0.02002002002002002,0.20020020020020018,0.122,0.04004004004004004,0.24024024024024024,-2.407958257769404,-2.485344363861259
2019-02-01,student,1.0,1.0,0.10010010010010009,-1.1025374515265152,0.074,0.02002002002002002,0.20020020020020018,0.104,0.04004004004004004,0.24024024024024024,-2.838618920286962,-2.921896715903071
2019-02-04,student,1.0,1.0,0.08008008008008008,-0.155176582417725,0.078,0.02002002002002002,0.20020020020020018,0.094,0.04004004004004004,0.22072072072072024,-2.753585980634979,-2.8315928428007404
2019-02-05,student,1.0,1.0,0.08008008008008008,0.053582554633575,0.082,0.02002002002002002,0.20020020020020018,0.102,0.04004004004004004,0.22072072072072024,-2.6147901319067492,-2.6865782194642356
2019-02-06,student,1.0,1.0,0.10010010010010009,1.323582564184055,0.13,0.02002002002002002,0.20020020020020018,0.154,0.04004004004004004,0.24024024024024024,-2.672213691556669,-2.7598577324901816
2019-02-07,student,1.0,1.0,0.10010010010010009,-0.24040051461766498,0.098,0.02002002002002002,0.20020020020020018,0.124,0.04004004004004004,0.24024024024024024,-2.546171432696433,-2.6135349333409286
2019-02-08,student,1.0,1.0,0.08008008008008008,-0.44745177229887,0.098,0.02002002002002002,0.20020020020020018,0.128,0.04004004004004004,0.24024024024024024,-2.561504454349564,-2.6380697706438725
2019-02-11,student,1.0,1.0,0.08008008008008008,-0.8462010864157,0.1,0.02002002002002002,0.20020020020020018,0.13,0.04004004004004004,0.24024024024024024,-2.4341317805579243,-2.4981824059603586
2019-02-12,student,1.0,1.0,0.08008008008008008,-1.73360135734594,0.078,0.02002002002002002,0.20020020020020018,0.098,0.04004004004004004,0.22072072072072024,-2.443404062645059,-2.517064125849909
2019-02-14,student,1.0,1.0,0.10010010010010009,-2.227838790632365,0.098,0.02002002002002002,0.20020020020020018,0.132,0.04004004004004004,0.24024024024024024,-2.6107527597276023,-2.6875222871540787
2019-02-15,student,0.999,0.997,0.10010010010010009,-0.6547489282397699,0.084,0.02002002002002002,0.20020020020020018,0.114,0.04004004004004004,0.24024024024024024,-2.7803526430986696,-2.8597692296976502
2019-02-18,student,1.0,0.999,0.08008008008008008,-0.63442331338469,0.112,0.02002002002002002,0.20020020020020018,0.14,0.04004004004004004,0.24024024024024024,-2.7930695848294027,-2.8803930619358007
2019-02-19,student,1.0,1.0,0.10010010010010009,-0.57889877013255,0.1,0.02002002002002002,0.20020020020020018,0.122,0.04004004004004004,0.24024024024024024,-2.683789281317836,-2.7617286338800877
2019-02-20,student,1.0,0.999,0.10010010010010009,2.02416822893237,0.102,0.02002002002002002,0.20020020020020018,0.124,0.04004004004004004,0.24024024024024024,-2.754107711868163,-2.834852320747786
2019-02-21,student,1.0,1.0,0.08008008008008008,-0.43581842979569,0.104,0.02002002002002002,0.20020020020020018,0.134,0.04004004004004004,0.24024024024024024,-2.890816351490485,-2.9823336369355467
2019-02-22,student,1.0,1.0,0.10010010010010009,0.649510881894145,0.116,0.02002002002002002,0.20020020020020018,0.148,0.04004004004004004,0.24024024024024024,-2.566617214883068,-2.6412707714813233
2019-02-25,student,1.0,1.0,0.10010010010010009,1.1912910138976849,0.106,0.02002002002002002,0.20020020020020018,0.124,0.04004004004004004,0.24024024024024024,-2.517779221983461,-2.6008609098992927
2019-02-26,student,1.0,1.0,0.10010010010010009,-1.536414389758105,0.104,0.02002002002002002,0.20020020020020018,0.136,0.04004004004004004,0.24024024024024024,-2.8104295784099302,-2.8978798148140568
2019-02-27,student,1.0,1.0,0.10010010010010009,-0.24717477677761993,0.092,0.02002002002002002,0.20020020020020018,0.116,0.04004004004004004,0.24024024024024024,-2.4879850948509357,-2.566931999201275
2019-02-28,student,1.0,0.999,0.08008008008008008,0.19620677519369498,0.092,0.02002002002002002,0.20020020020020018,0.11,0.04004004004004004,0.24024024024024024,-2.3791982993111978,-2.444939621367953
2019-03-01,student,1.0,0.999,0.08008008008008008,1.23440954132545,0.134,0.02002002002002002,0.20020020020020018,0.16,0.04004004004004004,0.24024024024024024,-2.4621044660694356,-2.54822406300413
2019-03-05,student,1.0,0.999,0.08008008008008008,-0.00048307211936993166,0.11,0.02002002002002002,0.20020020020020018,0.128,0.04004004004004004,0.24024024024024024,-2.4513962798575277,-2.5296514772752046
2019-03-06,student,1.0,0.998,0.08008008008008008,0.297541168310055,0.112,0.02002002002002002,0.20020020020020018,0.124,0.04004004004004004,0.24024024024024024,-2.3859915403443073,-2.4648601545928552
2019-03-07,student,1.0,0.998,0.08008008008008008,-0.004206859042344968,0.092,0.02002002002002002,0.20020020020020018,0.114,0.04004004004004004,0.24024024024024024,-2.3406876052396655,-2.411121333764055
2019-03-08,student,1.0,0.998,0.08008008008008008,-0.8362178398955751,0.104,0.02002002002002002,0.20020020020020018,0.122,0.04004004004004004,0.24024024024024024,-2.3178408437922493,-2.384244734255444
2019-03-11,student,1.0,0.998,0.08008008008008008,1.004470408285345,0.102,0.02002002002002002,0.20020020020020018,0.13,0.04004004004004004,0.24024024024024024,-2.3299566154106777,-2.4050714997484564
2019-03-12,student,1.0,0.998,0.08008008008008008,-0.381572866176825,0.116,0.02002002002002002,0.20020020020020018,0.15,0.04004004004004004,0.24024024024024024,-2.3785022408922183,-2.4543568520707115
2019-03-13,student,1.0,0.998,0.08008008008008008,1.18351495558822,0.102,0.02002002002002002,0.20020020020020018,0.138,0.04004004004004004,0.24024024024024024,-2.343743977275444,-2.4216303723407955
2019-03-14,student,1.0,0.998,0.08008008008008008,-0.220716570873965,0.124,0.02002002002002002,0.20020020020020018,0.158,0.04004004004004004,0.24024024024024024,-2.3874745155030035,-2.4596217938380804
2019-03-15,student,1.0,0.998,0.08008008008008008,1.8160259976595552,0.142,0.02002002002002002,0.20020020020020018,0.172,0.04004004004004004,0.24024024024024024,-2.401463384078229,-2.475168120191249
2019-03-18,student,1.0,0.998,0.08008008008008008,-0.49234652751103497,0.106,0.02002002002002002,0.20020020020020018,0.138,0.04004004004004004,0.24024024024024024,-2.4849792644431394,-2.5605230279934275
2019-03-19,student,1.0,0.998,0.08008008008008008,1.5222850050045151,0.112,0.02002002002002002,0.20020020020020018,0.128,0.04004004004004004,0.24024024024024024,-2.37889068584653,-2.4469986922389433
2019-03-20,student,1.0,0.998,0.08008008008008008,1.2665555481931248,0.122,0.02002002002002002,0.20020020020020018,0.13,0.04004004004004004,0.24024024024024024,-2.4499091937900377,-2.5148148650832933
2019-03-22,student,1.0,0.998,0.08008008008008008,-0.675414884833675,0.104,0.02002002002002002,0.20020020020020018,0.122,0.04004004004004004,0.24024024024024024,-2.5552952836718754,-2.6209542365946095
2019-03-25,student,1.0,0.999,0.08008008008008008,-1.21507325934118,0.116,0.02002002002002002,0.20020020020020018,0.13,0.04004004004004004,0.24024024024024024,-2.4616752402171023,-2.5360898500578353
2019-03-26,student,1.0,0.998,0.08008008008008008,1.0774550086577248,0.102,0.02002002002002002,0.20020020020020018,0.136,0.04004004004004004,0.24024024024024024,-2.4422452382726716,-2.5119877576041727
2019-03-27,student,1.0,0.998,0.08008008008008008,0.9993925520703899,0.096,0.02002002002002002,0.20020020020020018,0.116,0.04004004004004004,0.24024024024024024,-2.5594000667846766,-2.632604759175585
2019-03-28,student,0.999,0.998,0.08008008008008008,2.1768284577125145,0.088,0.02002002002002002,0.20020020020020018,0.114,0.04004004004004004,0.24024024024024024,-2.447016736263552,-2.5162935074208437
2019-04-01,student,1.0,0.998,0.08008008008008008,1.743219441728685,0.112,0.02002002002002002,0.20020020020020018,0.136,0.04004004004004004,0.24024024024024024,-2.6878444936008288,-2.763846090680273
2019-04-02,student,1.0,0.998,0.08008008008008008,1.242909518747335,0.096,0.02002002002002002,0.20020020020020018,0.116,0.04004004004004004,0.24024024024024024,-2.7699583214300914,-2.840074795826655
2019-04-03,student,1.0,0.997,0.08008008008008008,-1.712037235680555,0.084,0.02002002002002002,0.20020020020020018,0.104,0.04004004004004004,0.24024024024024024,-2.4748922455938205,-2.5491598524741845
2019-04-04,student,1.0,0.998,0.08008008008008008,-0.15731774839818502,0.104,0.02002002002002002,0.20020020020020018,0.114,0.04004004004004004,0.24024024024024024,-2.739647418281073,-2.815241680503894
2019-04-05,student,1.0,0.998,0.08008008008008008,0.012853547860265047,0.096,0.02002002002002002,0.20020020020020018,0.114,0.04004004004004004,0.24024024024024024,-2.617271902305907,-2.690989151223293
2019-04-08,student,1.0,0.998,0.08008008008008008,-0.15398915170485994,0.124,0.02002002002002002,0.20020020020020018,0.15,0.04004004004004004,0.24024024024024024,-2.7255923621694036,-2.8089347371337148
2019-04-09,student,0.999,0.994,0.08008008008008008,-0.12451851909967998,0.098,0.02002002002002002,0.20020020020020018,0.124,0.04004004004004004,0.24024024024024024,-2.6320817625961634,-2.7079463048172157
2019-04-10,student,1.0,0.996,0.08008008008008008,-1.137410301540495,0.132,0.02002002002002002,0.20020020020020018,0.146,0.04004004004004004,0.24024024024024024,-2.5584145982887168,-2.636312569868782
2019-04-11,student,1.0,0.996,0.08008008008008008,-0.029540122907020017,0.084,0.02002002002002002,0.20020020020020018,0.1,0.04004004004004004,0.24024024024024024,-2.4416415473656823,-2.5132864616855897
2019-04-12,student,0.999,0.994,0.08008008008008008,0.39439071510026996,0.086,0.02002002002002002,0.20020020020020018,0.108,0.04004004004004004,0.24024024024024024,-2.46146182693425,-2.5359359034268056
2019-04-15,student,0.999,0.994,0.08008008008008008,-1.3172698209391551,0.114,0.02002002002002002,0.20020020020020018,0.136,0.04004004004004004,0.24024024024024024,-2.41938958508554,-2.4914236841597304
2019-04-16,student,0.999,0.994,0.06006006006006006,-0.21046621616479497,0.088,0.02002002002002002,0.20020020020020018,0.106,0.04004004004004004,0.2202202202202202,-2.464191233666608,-2.5234504058849407
2019-04-18,student,0.999,0.992,0.06006006006006006,-1.27926067460977,0.11,0.02002002002002002,0.20020020020020018,0.14,0.04004004004004004,0.2202202202202202,-2.3686034296460723,-2.436133820631235
2019-04-22,student,0.999,0.994,0.06006006006006006,0.15735143141054003,0.092,0.02002002002002002,0.20020020020020018,0.11,0.04004004004004004,0.2202202202202202,-2.430967708038953,-2.496497060150602
2019-04-23,student,0.999,0.994,0.06006006006006006,-0.286765211690295,0.116,0.02002002002002002,0.20020020020020018,0.138,0.04004004004004004,0.2202202202202202,-2.372875344653451,-2.436419363806192
2019-04-24,student,1.0,0.995,0.06006006006006006,1.456153311412865,0.108,0.02002002002002002,0.20020020020020018,0.142,0.04004004004004004,0.2202202202202202,-2.448236692938249,-2.519223007666333
2019-04-25,student,1.0,0.995,0.06006006006006006,-1.276756857730805,0.098,0.02002002002002002,0.20020020020020018,0.124,0.04004004004004004,0.2202202202202202,-2.4193745560359576,-2.4859101195794557
2019-04-26,student,1.0,0.994,0.06006006006006006,1.6626689770454002,0.094,0.02002002002002002,0.20020020020020018,0.112,0.04004004004004004,0.2202202202202202,-2.4280026496434304,-2.4981656346973353
2019-04-30,student,1.0,0.995,0.06006006006006006,0.48672538071393,0.102,0.02002002002002002,0.20020020020020018,0.116,0.04004004004004004,0.2202202202202202,-2.5075018738521386,-2.578860603619286
2019-05-02,student,1.0,0.995,0.06006006006006006,-1.6778101203094,0.088,0.02002002002002002,0.20020020020020018,0.114,0.04004004004004004,0.2202202202202202,-2.5274710426671425,-2.5997119080954874
2019-05-03,student,1.0,0.996,0.06006006006006006,-0.19576577159194003,0.104,0.02002002002002002,0.20020020020020018,0.122,0.04004004004004004,0.2202202202202202,-2.493420349088957,-2.55948169587955
2019-05-06,student,1.0,0.996,0.06006006006006006,-0.5626365867562699,0.068,0.02002002002002002,0.20020020020020018,0.092,0.04004004004004004,0.2202202202202202,-2.280342106621998,-2.3367039689618596
2019-05-07,student,1.0,0.997,0.06006006006006006,-0.11107608951266501,0.102,0.02002002002002002,0.20020020020020018,0.12,0.04004004004004004,0.2202202202202202,-2.3119077392601426,-2.370654130862924
2019-05-08,student,1.0,0.995,0.06006006006006006,-1.55284622028158,0.114,0.02002002002002002,0.20020020020020018,0.136,0.04004004004004004,0.2202202202202202,-2.4037413031198223,-2.475311546889748
2019-05-09,student,0.999,0.994,0.06006006006006006,0.29374271030048,0.102,0.02002002002002002,0.20020020020020018,0.128,0.04004004004004004,0.2202202202202202,-2.4581353835228175,-2.527062476380327
2019-05-10,student,1.0,0.996,0.06006006006006006,1.148697269329205,0.094,0.02002002002002002,0.20020020020020018,0.112,0.04004004004004004,0.2202202202202202,-2.390811513203126,-2.45310593784909
2019-05-13,student,1.0,0.996,0.06006006006006006,0.011393783324310014,0.096,0.02002002002002002,0.20020020020020018,0.124,0.04004004004004004,0.2202202202202202,-2.5392007794124485,-2.6128833347637554
2019-05-14,student,1.0,0.996,0.06006006006006006,0.8388480218632401,0.11,0.02002002002002002,0.20020020020020018,0.142,0.04004004004004004,0.2202202202202202,-2.4910393300312843,-2.5653734773113195
2019-05-15,student,1.0,0.997,0.06006006006006006,-0.24950781466056998,0.102,0.02002002002002002,0.20020020020020018,0.13,0.04004004004004004,0.2202202202202202,-2.528564440134639,-2.600569355622025
2019-05-16,student,1.0,0.995,0.06006006006006006,1.7544630244111499,0.104,0.02002002002002002,0.20020020020020018,0.116,0.04004004004004004,0.2202202202202202,-2.4023001081441997,-2.4735518269116357
2019-05-17,student,1.0,0.998,0.06006006006006006,-0.08025508878077503,0.112,0.02002002002002002,0.20020020020020018,0.124,0.04004004004004004,0.2202202202202202,-2.629875058467548,-2.7072655233424636
2019-05-20,student,0.999,0.994,0.06006006006006006,3.731288369411225,0.092,0.02002002002002002,0.20020020020020018,0.12,0.04004004004004004,0.2202202202202202,-2.349151291411261,-2.4162256419637305
2019-05-21,student,0.999,0.994,0.06006006006006006,-1.9630577489852699,0.088,0.02002002002002002,0.20020020020020018,0.12,0.04004004004004004,0.2202202202202202,-3.112709710039058,-3.1914973446547745
2019-05-22,student,0.999,0.994,0.06006006006006006,0.554811443553795,0.076,0.02002002002002002,0.20020020020020018,0.094,0.04004004004004004,0.2202202202202202,-3.0797867421855925,-3.1633653062461966
2019-05-23,student,1.0,0.996,0.06006006006006006,-0.45569078172513505,0.106,0.02002002002002002,0.20020020020020018,0.13,0.04004004004004004,0.2202202202202202,-3.017088681971629,-3.105113599260789
2019-05-24,student,0.999,0.994,0.06006006006006006,2.463322360975605,0.102,0.02002002002002002,0.18018018018018017,0.136,0.04004004004004004,0.2202202202202202,-2.848831783874189,-2.9346535635539484
2019-05-27,student,0.999,0.994,0.06006006006006006,0.8079754002569199,0.076,0.02002002002002002,0.18018018018018017,0.102,0.04004004004004004,0.2202202202202202,-2.9356215839778588,-3.0152561868760825
2019-05-28,student,0.999,0.994,0.06006006006006006,1.16402946465206,0.098,0.02002002002002002,0.18018018018018017,0.126,0.04004004004004004,0.2202202202202202,-2.8747776357344517,-2.9607292990473195
2019-05-29,student,0.999,0.994,0.06006006006006006,-1.6293043669835852,0.09,0.02002002002002002,0.18018018018018017,0.116,0.04004004004004004,0.2202202202202202,-3.011827350490325,-3.103804415865134
2019-05-30,student,0.999,0.994,0.08008008008008008,1.0912717327178099,0.132,0.02002002002002002,0.18018018018018017,0.152,0.04004004004004004,0.2202202202202202,-2.9168923262435027,-3.0041883466064334
2019-05-31,student,0.999,0.994,0.06006006006006006,0.13675282572632497,0.116,0.02002002002002002,0.18018018018018017,0.14,0.04004004004004004,0.2202202202202202,-2.8706673653071295,-2.9588655023100254
2019-06-03,student,0.999,0.994,0.06006006006006006,0.8821786287701,0.082,0.02002002002002002,0.18018018018018017,0.108,0.04004004004004004,0.2202202202202202,-2.6875193281532903,-2.76934480622267
2019-06-04,student,0.999,0.994,0.06006006006006006,-1.0626811197136599,0.096,0.02002002002002002,0.18018018018018017,0.124,0.04004004004004004,0.2202202202202202,-2.6591898469049666,-2.745119735790625
2019-06-06,student,0.999,0.994,0.06006006006006006,-2.22864126330951,0.118,0.02002002002002002,0.18018018018018017,0.134,0.04004004004004004,0.2202202202202202,-2.6389377351699914,-2.720001306636712
2019-06-07,student,0.999,0.994,0.06006006006006006,0.9958771062433349,0.078,0.02002002002002002,0.18018018018018017,0.094,0.04004004004004004,0.2202202202202202,-2.947273301033506,-3.0206455180195544
2019-06-10,student,0.999,0.995,0.06006006006006006,1.292604930648595,0.088,0.02002002002002002,0.18018018018018017,0.124,0.04004004004004004,0.2202202202202202,-2.901089624950118,-2.978229631387116
2019-06-11,student,0.999,0.994,0.06006006006006006,0.49779409327630997,0.078,0.02002002002002002,0.18018018018018017,0.108,0.04004004004004004,0.2202202202202202,-2.923998105150641,-3.007699767255496
2019-06-12,student,0.999,0.994,0.06006006006006006,-0.521465687791005,0.09,0.02002002002002002,0.18018018018018017,0.116,0.04004004004004004,0.2202202202202202,-2.6692211223524724,-2.7437937872493747
2019-06-13,student,0.999,0.994,0.06006006006006006,0.318308650711025,0.118,0.02002002002002002,0.18018018018018017,0.154,0.04004004004004004,0.2202202202202202,-2.6494316629319985,-2.728070587611286
2019-06-14,student,1.0,0.996,0.06006006006006006,-0.5394836002389101,0.11,0.02002002002002002,0.18018018018018017,0.134,0.04004004004004004,0.2202202202202202,-2.5500089967103787,-2.631701007600198
2019-06-17,student,1.0,0.996,0.06006006006006006,-0.866143224554035,0.092,0.02002002002002002,0.18018018018018017,0.114,0.04004004004004004,0.2202202202202202,-2.459457101632005,-2.533101164601837
2019-06-18,student,1.0,0.996,0.06006006006006006,0.968538450143035,0.086,0.02002002002002002,0.18018018018018017,0.104,0.04004004004004004,0.2202202202202202,-2.447953872016905,-2.518581633596125
2019-06-19,student,1.0,0.995,0.06006006006006006,-0.06025610005738999,0.112,0.02002002002002002,0.18018018018018017,0.138,0.04004004004004004,0.2202202202202202,-2.5433014418272544,-2.6243999108635134
2019-06-20,student,0.999,0.993,0.06006006006006006,1.12018097177638,0.1,0.02002002002002002,0.18018018018018017,0.142,0.04004004004004004,0.2202202202202202,-2.3819157047928154,-2.450056806561189
2019-06-21,student,1.0,0.995,0.06006006006006006,0.29963436489140005,0.09,0.02002002002002002,0.18018018018018017,0.112,0.04004004004004004,0.2202202202202202,-2.467382324932446,-2.5446425912762116
2019-06-24,student,1.0,0.996,0.06006006006006006,0.22663907813418005,0.072,0.02002002002002002,0.18018018018018017,0.092,0.04004004004004004,0.2202202202202202,-2.3330858669790104,-2.3989036279673464
2019-06-25,student,1.0,0.996,0.06006006006006006,0.6460644939055851,0.102,0.02002002002002002,0.18018018018018017,0.118,0.04004004004004004,0.2202202202202202,-2.31212787570761,-2.3741597627396636
2019-06-26,student,1.0,0.996,0.06006006006006006,-0.37453668730873996,0.108,0.02002002002002002,0.18018018018018017,0.132,0.04004004004004004,0.2202202202202202,-2.33986763054551,-2.4072645558934647
2019-06-27,student,1.0,0.996,0.06006006006006006,-0.033220314716620014,0.092,0.02002002002002002,0.18018018018018017,0.128,0.04004004004004004,0.2202202202202202,-2.28099659293271,-2.3457832579122724
2019-06-28,student,1.0,0.996,0.06006006006006006,-0.025263377449385005,0.118,0.02002002002002002,0.18018018018018017,0.15,0.04004004004004004,0.2202202202202202,-2.3433929996492866,-2.4189172354496167
2019-07-01,student,1.0,0.997,0.06006006006006006,-0.006329865132339997,0.09,0.02002002002002002,0.18018018018018017,0.12,0.04004004004004004,0.2202202202202202,-2.207528923258096,-2.273121646297125
2019-07-02,student,1.0,0.996,0.06006006006006006,0.997635123180955,0.082,0.02002002002002002,0.18018018018018017,0.096,0.04004004004004004,0.2202202202202202,-2.156971427403641,-2.2181075738462885
2019-07-03,student,1.0,0.995,0.06006006006006006,-0.36549652489764994,0.114,0.02002002002002002,0.18018018018018017,0.138,0.04004004004004004,0.2202202202202202,-2.2783136405490767,-2.3489588490971545
2019-07-04,student,1.0,0.995,0.06006006006006006,0.341031562814035,0.112,0.02002002002002002,0.18018018018018017,0.132,0.04004004004004004,0.2202202202202202,-2.2199757644225673,-2.2818429596825727
2019-07-05,student,0.999,0.993,0.06006006006006006,-0.6479860513092053,0.092,0.02002002002002002,0.18018018018018017,0.11,0.04004004004004004,0.2202202202202202,-2.1222933370007695,-2.1860139101521336
2019-07-08,student,0.999,0.993,0.06006006006006006,-2.142660501101685,0.082,0.02002002002002002,0.18018018018018017,0.1,0.04004004004004004,0.2202202202202202,-2.236949830447729,-2.2903102504421287
2019-07-09,bb7,0.999,0.993,0.06006006006006006,0.44105178298376996,0.08,0.02002002002002002,0.18018018018018017,0.11,0.04004004004004004,0.2202202202202202,-2.652819666764152,-2.721586040683233
2019-07-10,student,0.999,0.993,0.06006006006006006,-0.62046822226189,0.11,0.02002002002002002,0.18018018018018017,0.128,0.04004004004004004,0.2202202202202202,-2.6566332503999024,-2.7254225039685025
2019-07-11,bb7,0.998,0.991,0.06006006006006006,1.549987822843415,0.076,0.02002002002002002,0.18018018018018017,0.096,0.04004004004004004,0.2202202202202202,-2.5994870513264434,-2.6719217833895885
2019-07-12,student,0.999,0.993,0.06006006006006006,0.41754568571796497,0.078,0.02002002002002002,0.18018018018018017,0.09,0.04004004004004004,0.2202202202202202,-2.6237512796641345,-2.6895332565099253
2019-07-15,student,0.999,0.992,0.06006006006006006,3.0033035542721596,0.084,0.02002002002002002,0.18018018018018017,0.11,0.04004004004004004,0.2202202202202202,-2.56748371751591,-2.6435905788671845
2019-07-16,student,0.996,0.988,0.06006006006006006,0.94521844884851,0.094,0.02002002002002002,0.18018018018018017,0.106,0.04004004004004004,0.2202202202202202,-3.985476065930463,-4.0859469455302495
2019-07-17,student,0.998,0.991,0.06006006006006006,1.681677515870995,0.084,0.02002002002002002,0.18018018018018017,0.098,0.04004004004004004,0.2202202202202202,-2.4725266155718364,-2.544263320193399
2019-07-18,student,0.999,0.992,0.06006006006006006,-1.280215163066395,0.098,0.02002002002002002,0.18018018018018017,0.12,0.04004004004004004,0.2202202202202202,-2.543905098197708,-2.6139689995983013
2019-07-19,student,0.997,0.988,0.06006006006006006,-1.5256317216390451,0.106,0.02002002002002002,0.18018018018018017,0.146,0.04004004004004004,0.2202202202202202,-2.605022756284877,-2.680159080156317
2019-07-22,student,0.999,0.993,0.06006006006006006,-0.7923048935433099,0.074,0.02002002002002002,0.18018018018018017,0.102,0.04004004004004004,0.2202202202202202,-2.6052109724308674,-2.676762764936776
2019-07-23,student,0.999,0.993,0.06006006006006006,-0.8893097611182952,0.102,0.02002002002002002,0.18018018018018017,0.128,0.04004004004004004,0.2202202202202202,-2.6225007004540504,-2.69820833963342
2019-07-24,student,0.999,0.993,0.06006006006006006,-0.619246768550465,0.106,0.02002002002002002,0.18018018018018017,0.116,0.039539539539539564,0.2202202202202202,-2.6921057620011863,-2.763339847282572
2019-07-25,student,0.999,0.993,0.06006006006006006,0.7683979348023351,0.084,0.02002002002002002,0.18018018018018017,0.11,0.039539539539539564,0.2202202202202202,-2.6521114680756184,-2.7262519780274252
2019-07-26,student,0.999,0.993,0.06006006006006006,-0.28413848476752995,0.104,0.02002002002002002,0.18018018018018017,0.126,0.039539539539539564,0.2202202202202202,-2.57132100628706,-2.6418380814366555
2019-07-29,student,0.999,0.992,0.06006006006006006,0.456738145982625,0.086,0.02002002002002002,0.18018018018018017,0.104,0.039539539539539564,0.2202202202202202,-2.4849429435028414,-2.5477669184980667
2019-07-30,student,0.999,0.993,0.06006006006006006,-2.34206519392362,0.098,0.02002002002002002,0.18018018018018017,0.124,0.02002002002002002,0.2202202202202202,-2.34744415799152,-2.4109401323685447
2019-07-31,bb7,0.999,0.993,0.06006006006006006,0.764721368974645,0.098,0.02002002002002002,0.18018018018018017,0.106,0.02002002002002002,0.20020020020020018,-3.0597436396295175,-3.125393933720524
2019-08-01,bb7,0.999,0.994,0.06006006006006006,-3.905452599183465,0.12,0.02002002002002002,0.18018018018018017,0.134,0.02002002002002002,0.20020020020020018,-2.9494442663600005,-3.0150650372659253
2019-08-02,bb7,1.0,0.997,0.08008008008008008,-0.9537114053549248,0.096,0.02002002002002002,0.18018018018018017,0.118,0.02002002002002002,0.2202202202202202,-3.4701887724294127,-3.55332207552419
2019-08-05,bb7,0.999,0.996,0.08008008008008008,-1.2763512905879348,0.132,0.02002002002002002,0.18018018018018017,0.144,0.02002002002002002,0.2202202202202202,-3.5498990525157215,-3.6357505651720703
2019-08-06,bb7,0.999,0.995,0.08008008008008008,0.046089920482275004,0.096,0.02002002002002002,0.18018018018018017,0.11,0.039539539539539564,0.20070070070070023,-3.3779660592407725,-3.448500530709706
2019-08-07,bb7,0.999,0.994,0.08008008008008008,-1.83870350647926,0.086,0.02002002002002002,0.18018018018018017,0.092,0.039539539539539564,0.20070070070070023,-3.1063517539518815,-3.166815816869306
2019-08-08,bb7,0.999,0.998,0.08008008008008008,1.570078451078555,0.082,0.02002002002002002,0.18018018018018017,0.106,0.04004004004004004,0.2202202202202202,-3.4083192215027327,-3.4568768528541187
2019-08-09,bb7,1.0,0.999,0.08008008008008008,-0.44252937857807495,0.07,0.02002002002002002,0.18018018018018017,0.096,0.04004004004004004,0.2202202202202202,-3.277013791675505,-3.3580215469743306
2019-08-13,bb7,0.999,0.992,0.08008008008008008,-3.006811221726405,0.098,0.02002002002002002,0.18018018018018017,0.12,0.04004004004004004,0.2202202202202202,-3.123899590588876,-3.2026870125493705
2019-08-14,student,1.0,0.996,0.08008008008008008,1.76956509123997,0.128,0.02002002002002002,0.18018018018018017,0.142,0.04004004004004004,0.2202202202202202,-3.476008496878759,-3.573926220303306
2019-08-16,bb7,1.0,0.995,0.08008008008008008,0.18191843783429998,0.094,0.02002002002002002,0.18018018018018017,0.13,0.04004004004004004,0.2202202202202202,-3.266475037071136,-3.3531785185708647
2019-08-19,bb7,0.999,0.992,0.08008008008008008,-0.5012838784584099,0.064,0.02002002002002002,0.18018018018018017,0.084,0.04004004004004004,0.2202202202202202,-2.8630983380579713,-2.937196327448409
2019-08-20,bb7,0.999,0.992,0.08008008008008008,0.40946793905780987,0.078,0.02002002002002002,0.18018018018018017,0.106,0.04004004004004004,0.2202202202202202,-2.8534275384027197,-2.9299089627849417
2019-08-21,bb7,0.995,0.987,0.08008008008008008,-0.7020348781559399,0.082,0.02002002002002002,0.18018018018018017,0.108,0.04004004004004004,0.2202202202202202,-2.894175286408457,-2.979691633844592
2019-08-22,bb7,0.997,0.989,0.08008008008008008,-1.8562611032906902,0.074,0.02002002002002002,0.18018018018018017,0.104,0.04004004004004004,0.2202202202202202,-2.825136029950622,-2.9013322030596873
2019-08-23,student,0.999,0.992,0.08008008008008008,0.8793178512861399,0.102,0.02002002002002002,0.18018018018018017,0.142,0.04004004004004004,0.2202202202202202,-3.183254956784115,-3.271329834653874
2019-08-26,bb7,0.999,0.993,0.08008008008008008,1.67259937782328,0.092,0.02002002002002002,0.18018018018018017,0.116,0.04004004004004004,0.2202202202202202,-2.8992380957423203,-2.9728967921018548
2019-08-27,bb7,1.0,0.995,0.08008008008008008,-0.15588751606496498,0.096,0.02002002002002002,0.18018018018018017,0.12,0.04004004004004004,0.2202202202202202,-2.9695970712766764,-3.049353019390649
2019-08-28,bb7,1.0,0.995,0.08008008008008008,0.984494570829135,0.108,0.02002002002002002,0.18018018018018017,0.13,0.04004004004004004,0.2202202202202202,-2.9625395665917105,-3.047612752352551
2019-08-29,bb7,1.0,0.995,0.08008008008008008,-1.58285243770289,0.096,0.02002002002002002,0.18018018018018017,0.114,0.04004004004004004,0.2202202202202202,-2.963772250071505,-3.0454829976220466
2019-08-30,bb7,1.0,0.999,0.08008008008008008,0.371649636983035,0.078,0.02002002002002002,0.18018018018018017,0.122,0.04004004004004004,0.2202202202202202,-2.96569833462064,-3.0402905646170013
2019-09-03,bb7,0.999,0.992,0.08008008008008008,-1.045013184525725,0.078,0.02002002002002002,0.18018018018018017,0.096,0.04004004004004004,0.2202202202202202,-2.8632343434420227,-2.9350889839877543
2019-09-04,bb7,1.0,1.0,0.08008008008008008,1.6638838401495248,0.092,0.02002002002002002,0.18018018018018017,0.114,0.04004004004004004,0.2202202202202202,-2.7939234419421193,-2.8730220826636343
2019-09-05,bb7,1.0,0.996,0.08008008008008008,0.44199179709933495,0.1,0.02002002002002002,0.18018018018018017,0.13,0.04004004004004004,0.2202202202202202,-2.9082186173342617,-2.994063709941501
2019-09-06,student,1.0,0.992,0.08008008008008008,0.48314980764145,0.102,0.02002002002002002,0.18018018018018017,0.134,0.04004004004004004,0.2202202202202202,-2.910255418921395,-3.002763561155352
2019-09-09,bb7,1.0,1.0,0.10010010010010009,0.07178274076594504,0.102,0.02002002002002002,0.18018018018018017,0.132,0.04004004004004004,0.2202202202202202,-2.7266626147741637,-2.813572235127517
2019-09-11,student,0.999,0.992,0.10010010010010009,0.7415098481988801,0.104,0.02002002002002002,0.18018018018018017,0.152,0.04004004004004004,0.2202202202202202,-2.7842392630082395,-2.869457266762613
2019-09-12,student,1.0,1.0,0.10010010010010009,0.08844268545102998,0.084,0.02002002002002002,0.18018018018018017,0.122,0.04004004004004004,0.2202202202202202,-2.8046714884701216,-2.8946137408906076
2019-09-13,student,1.0,1.0,0.08008008008008008,1.5873600147418148,0.09,0.02002002002002002,0.18018018018018017,0.116,0.04004004004004004,0.2202202202202202,-2.4954925145917004,-2.5683547878472903
2019-09-16,student,1.0,0.999,0.08008008008008008,-1.3110673741603,0.076,0.02002002002002002,0.18018018018018017,0.1,0.04004004004004004,0.2202202202202202,-2.546503961495275,-2.6181114594815855
2019-09-17,student,0.996,0.986,0.08008008008008008,-1.71052125444416,0.114,0.02002002002002002,0.18018018018018017,0.146,0.04004004004004004,0.2202202202202202,-2.590701016425931,-2.669332199084418
2019-09-18,student,1.0,1.0,0.08008008008008008,1.07929760173378,0.102,0.02002002002002002,0.18018018018018017,0.128,0.04004004004004004,0.2202202202202202,-2.866313630035955,-2.940870712120035
2019-09-19,student,1.0,1.0,0.06006006006006006,-1.69970748700191,0.064,0.02002002002002002,0.18018018018018017,0.078,0.02002002002002002,0.20020020020020018,-2.755444661265638,-2.7999560354460837
2019-09-20,student,1.0,1.0,0.06006006006006006,3.8403624807284347,0.114,0.02002002002002002,0.18018018018018017,0.124,0.02002002002002002,0.20020020020020018,-2.9470347192280704,-3.0152259221491438
2019-09-23,student,1.0,1.0,0.06006006006006006,-0.6326448572596599,0.088,0.02002002002002002,0.16016016016016016,0.1,0.02002002002002002,0.20020020020020018,-3.71798976899212,-3.780726383999575
2019-09-24,student,1.0,1.0,0.06006006006006006,0.09678875695554523,0.072,0.02002002002002002,0.16016016016016016,0.094,0.02002002002002002,0.20020020020020018,-4.170694639812448,-4.246054152756754
2019-09-25,student,1.0,1.0,0.06006006006006006,-3.924708646023075,0.07,0.02002002002002002,0.16016016016016016,0.08,0.02002002002002002,0.20020020020020018,-4.057320529969863,-4.1265280186537705
2019-09-26,student,1.0,1.0,0.06006006006006006,-0.356568886460345,0.078,0.02002002002002002,0.16016016016016016,0.084,0.02002002002002002,0.20020020020020018,-4.709285282596744,-4.754900786630916
2019-09-27,student,1.0,1.0,0.06006006006006006,-0.13779027489723,0.076,0.02002002002002002,0.16016016016016016,0.092,0.02002002002002002,0.20020020020020018,-4.353873421160346,-4.403960842150831
2019-09-30,student,1.0,1.0,0.08008008008008008,-0.40734968101243996,0.07,0.02002002002002002,0.16016016016016016,0.092,0.02002002002002002,0.20020020020020018,-3.9358091645409288,-3.986511717834257
2019-10-01,student,1.0,1.0,0.08008008008008008,-3.5765601377377205,0.084,0.02002002002002002,0.1606606606606602,0.096,0.02002002002002002,0.20020020020020018,-4.275444449478193,-4.3362233393965655
2019-10-03,student,1.0,1.0,0.06006006006006006,-0.856320099271535,0.092,0.02002002002002002,0.16016016016016016,0.104,0.02002002002002002,0.20020020020020018,-4.3953319168431015,-4.447292577402734
2019-10-04,student,1.0,1.0,0.06006006006006006,-0.33603615884867993,0.084,0.02002002002002002,0.16016016016016016,0.094,0.02002002002002002,0.18018018018018017,-4.044725352108488,-4.090906305112897
2019-10-07,student,1.0,1.0,0.06006006006006006,-0.4167006768957,0.074,0.02002002002002002,0.16016016016016016,0.092,0.02002002002002002,0.18018018018018017,-3.8548052193104203,-3.899505876896035
2019-10-09,student,1.0,1.0,0.06006006006006006,1.9486883662732302,0.056,0.02002002002002002,0.16016016016016016,0.078,0.02002002002002002,0.18018018018018017,-3.4784082828978207,-3.5174841092123628
2019-10-10,student,1.0,1.0,0.06006006006006006,-1.35850274649082,0.058,0.02002002002002002,0.16016016016016016,0.074,0.02002002002002002,0.18018018018018017,-3.5898396413155105,-3.6346960385718843
2019-10-11,student,1.0,1.0,0.06006006006006006,2.0659360565381997,0.096,0.02002002002002002,0.16016016016016016,0.104,0.02002002002002002,0.18018018018018017,-3.5706536890825036,-3.6166373196549633
2019-10-14,student,1.0,1.0,0.06006006006006006,-1.616477093530365,0.092,0.02002002002002002,0.1606606606606602,0.108,0.02002002002002002,0.18018018018018017,-3.8263474700940634,-3.8791098521078964
2019-10-15,bb7,1.0,1.0,0.06006006006006006,-0.56139610487049,0.08,0.02002002002002002,0.16016016016016016,0.098,0.02002002002002002,0.18018018018018017,-3.426502108567814,-3.4819557932389475
2019-10-16,bb7,1.0,1.0,0.06006006006006006,-0.26189700823341,0.09,0.02002002002002002,0.16016016016016016,0.1,0.02002002002002002,0.18018018018018017,-3.1057907499065514,-3.1526971505747325
2019-10-17,bb7,1.0,1.0,0.06006006006006006,1.6761501133701402,0.092,0.02002002002002002,0.16016016016016016,0.104,0.02002002002002002,0.18018018018018017,-2.8586234261302716,-2.9006407711572755
2019-10-18,bb7,1.0,1.0,0.06006006006006006,0.6775747929911801,0.082,0.02002002002002002,0.16016016016016016,0.096,0.02002002002002002,0.18018018018018017,-2.9657162149500427,-3.0085477464520336
2019-10-22,bb7,1.0,1.0,0.06006006006006006,-8.148689063486291,0.064,0.02002002002002002,0.16016016016016016,0.076,0.02002002002002002,0.18018018018018017,-2.831886036674764,-2.8744758693900114
2019-10-23,bb7,1.0,1.0,0.06006006006006006,2.07690771220448,0.082,0.02002002002002002,0.18018018018018017,0.084,0.02002002002002002,0.18018018018018017,-7.807752341196065,-7.849245248791613
2019-10-24,student,0.995,0.993,0.06006006006006006,-3.5937029352229946,0.102,0.02002002002002002,0.16016016016016016,0.114,0.02002002002002002,0.18018018018018017,-2.9519140715809424,-2.9916213262841884
2019-10-25,bb7,0.997,0.995,0.06006006006006006,3.66793598916552,0.092,0.02002002002002002,0.16016016016016016,0.094,0.02002002002002002,0.18018018018018017,-3.269638073717772,-3.3152012637096817
2019-10-27,bb7,0.999,0.997,0.06006006006006006,0.9306605343833101,0.064,0.02002002002002002,0.16016016016016016,0.082,0.02002002002002002,0.18018018018018017,-3.655221917321198,-3.7009621008853775
2019-10-29,bb7,0.999,0.995,0.06006006006006006,-0.06593447165028998,0.068,0.02002002002002002,0.16016016016016016,0.078,0.02002002002002002,0.18018018018018017,-3.4637708503108176,-3.5047596094855744
2019-10-30,bb7,0.999,0.996,0.06006006006006006,2.38020905389092,0.088,0.02002002002002002,0.16016016016016016,0.096,0.02002002002002002,0.18018018018018017,-3.2955171163200565,-3.3398337953145347
2019-10-31,bb7,1.0,1.0,0.06006006006006006,5.594704944444224,0.08,0.02002002002002002,0.16016016016016016,0.096,0.02002002002002002,0.18018018018018017,-3.2628625454612896,-3.311120533049575
2019-11-01,bb7,1.0,1.0,0.06006006006006006,0.351184622608625,0.082,0.02002002002002002,0.16016016016016016,0.09,0.02002002002002002,0.18018018018018017,-4.1163927352064364,-4.150720236291585
2019-11-04,bb7,1.0,1.0,0.06006006006006006,1.630061698152595,0.084,0.02002002002002002,0.18018018018018017,0.084,0.02002002002002002,0.18018018018018017,-3.4288417414007024,-3.4547228108930774
2019-11-05,bb7,1.0,1.0,0.06006006006006006,-0.14462220124380998,0.076,0.02002002002002002,0.16016016016016016,0.092,0.02002002002002002,0.18018018018018017,-3.5483155391285583,-3.586198844674978
2019-11-06,bb7,0.988,0.986,0.06006006006006006,0.8911758312995699,0.102,0.02002002002002002,0.18018018018018017,0.098,0.02002002002002002,0.18018018018018017,-3.3876201276181193,-3.3948121772617585
2019-11-07,bb7,0.999,0.999,0.06006006006006006,0.6389151350542499,0.082,0.02002002002002002,0.16016016016016016,0.084,0.02002002002002002,0.18018018018018017,-3.2860151314841497,-3.308417605340476
2019-11-08,bb7,0.999,0.999,0.06006006006006006,-1.175730500216855,0.076,0.02002002002002002,0.16016016016016016,0.078,0.02002002002002002,0.18018018018018017,-3.1113350121092935,-3.131865737393428
2019-11-11,bb7,0.999,0.999,0.06006006006006006,0.08927117312801502,0.064,0.02002002002002002,0.18018018018018017,0.068,0.02002002002002002,0.18018018018018017,-2.8911565817614555,-2.902259025315796
2019-11-13,bb7,0.999,0.999,0.06006006006006006,-2.767068391013035,0.104,0.02002002002002002,0.16016016016016016,0.108,0.02002002002002002,0.18018018018018017,-2.854977391358231,-2.8753718711407235
2019-11-14,bb7,0.999,0.999,0.06006006006006006,0.8683030101777749,0.086,0.02002002002002002,0.1606606606606602,0.092,0.02002002002002002,0.18018018018018017,-3.264344436573423,-3.288814985601185
2019-11-15,bb7,0.999,0.999,0.06006006006006006,2.4334373763104002,0.066,0.02002002002002002,0.18018018018018017,0.074,0.02002002002002002,0.18018018018018017,-3.027962962987139,-3.051201911087911
2019-11-18,bb7,0.999,0.999,0.06006006006006006,0.58685565454473,0.07,0.02002002002002002,0.16016016016016016,0.078,0.02002002002002002,0.18018018018018017,-3.1375085961904805,-3.1611638719242436
2019-11-19,bb7,0.999,0.999,0.06006006006006006,1.3480365257797948,0.114,0.02002002002002002,0.1606606606606602,0.124,0.02002002002002002,0.18018018018018017,-3.0607445428840725,-3.0853902907042365
2019-11-20,bb7,0.999,0.999,0.06006006006006006,-0.232193188623645,0.088,0.02002002002002002,0.1606606606606602,0.094,0.02002002002002002,0.18018018018018017,-2.932381370654101,-2.9562795023466504
2019-11-21,bb7,0.999,0.999,0.06006006006006006,0.403805363801095,0.074,0.02002002002002002,0.18018018018018017,0.076,0.02002002002002002,0.18018018018018017,-2.812033006872588,-2.8348587386268256
2019-11-22,bb7,0.999,0.999,0.06006006006006006,-1.735965485968955,0.086,0.02002002002002002,0.1606606606606602,0.092,0.02002002002002002,0.18018018018018017,-2.6427564678062208,-2.6677003463030817
2019-11-25,bb7,1.0,1.0,0.06006006006006006,1.3741608347018202,0.092,0.02002002002002002,0.1606606606606602,0.1,0.02002002002002002,0.18018018018018017,-2.8098797891701417,-2.8408451755830892
2019-11-26,bb7,1.0,1.0,0.06006006006006006,-0.6294196010318149,0.092,0.02002002002002002,0.18018018018018017,0.098,0.02002002002002002,0.18018018018018017,-2.781686531289256,-2.8104535882262724
2019-11-27,bb7,0.999,0.999,0.06006006006006006,1.557009691913515,0.076,0.02002002002002002,0.18018018018018017,0.084,0.02002002002002002,0.18018018018018017,-2.579615043810405,-2.6001209486274672
2019-11-28,bb7,0.999,0.999,0.06006006006006006,1.26639199349412,0.076,0.02002002002002002,0.18018018018018017,0.078,0.02002002002002002,0.18018018018018017,-2.5962514026326664,-2.615374303140544
2019-11-29,bb7,0.999,0.999,0.06006006006006006,-1.471314193711,0.086,0.02002002002002002,0.18018018018018017,0.092,0.02002002002002002,0.18018018018018017,-2.6998596012420997,-2.7260668484787773
2019-12-02,student,0.999,0.999,0.06006006006006006,-0.755162700340245,0.094,0.02002002002002002,0.18018018018018017,0.096,0.02002002002002002,0.18018018018018017,-2.6363950179700884,-2.6625076143472652
2019-12-03,student,0.999,0.999,0.06006006006006006,0.07269805086419495,0.058,0.02002002002002002,0.18018018018018017,0.068,0.02002002002002002,0.18018018018018017,-2.5704509870611054,-2.5889772146838115
2019-12-04,student,0.999,0.999,0.08008008008008008,1.57202931499403,0.1,0.02002002002002002,0.18018018018018017,0.1,0.02002002002002002,0.18018018018018017,-2.621811792154927,-2.6508189292942723
2019-12-05,student,0.999,0.999,0.06006006006006006,-0.41183305899329997,0.074,0.02002002002002002,0.18018018018018017,0.08,0.02002002002002002,0.18018018018018017,-2.5637524046624662,-2.584601225846879
2019-12-06,student,1.0,1.0,0.08008008008008008,-2.4517837051224896,0.066,0.02002002002002002,0.1606606606606602,0.074,0.02002002002002002,0.18018018018018017,-2.485012620248526,-2.5052627689686364
2019-12-09,bb7,1.0,1.0,0.06006006006006006,-0.3681958144857,0.088,0.02002002002002002,0.18018018018018017,0.096,0.02002002002002002,0.18018018018018017,-3.1163388848615337,-3.13732817784843
2019-12-10,bb7,1.0,1.0,0.08008008008008008,-0.7123049709492549,0.07,0.02002002002002002,0.16016016016016016,0.074,0.02002002002002002,0.18018018018018017,-3.004583752771897,-3.0312701048371045
2019-12-11,bb7,1.0,1.0,0.08008008008008008,0.35695001820771,0.086,0.02002002002002002,0.1606606606606602,0.094,0.02002002002002002,0.18018018018018017,-2.8914983356722193,-2.9186350176109452
2019-12-12,bb7,0.998,0.999,0.06006006006006006,0.09444680438210007,0.102,0.02002002002002002,0.18018018018018017,0.102,0.02002002002002002,0.18018018018018017,-2.883521388518813,-2.8964772745562115
2019-12-13,bb7,0.999,0.999,0.06006006006006006,2.28615991904783,0.084,0.02002002002002002,0.18018018018018017,0.084,0.02002002002002002,0.18018018018018017,-2.998727141438352,-3.0041893845880994
2019-12-16,bb7,0.999,0.999,0.06006006006006006,0.08406724821649,0.072,0.02002002002002002,0.16016016016016016,0.084,0.02002002002002002,0.18018018018018017,-2.975288609055863,-2.9885445543978357
2019-12-17,bb7,0.998,0.999,0.06006006006006006,1.245483117708475,0.092,0.02002002002002002,0.16016016016016016,0.096,0.02002002002002002,0.18018018018018017,-2.7679701128014393,-2.7754336403865825
2019-12-18,bb7,0.999,0.999,0.06006006006006006,-0.713669111228465,0.066,0.02002002002002002,0.16016016016016016,0.072,0.02002002002002002,0.18018018018018017,-2.8020623573039076,-2.8173340888581904
2019-12-19,bb7,0.998,0.999,0.06006006006006006,0.07384634269780499,0.09,0.02002002002002002,0.16016016016016016,0.092,0.02002002002002002,0.18018018018018017,-2.747327102939669,-2.7603534607681963
2019-12-20,bb7,0.986,0.988,0.06006006006006006,1.504427214790485,0.092,0.02002002002002002,0.16016016016016016,0.094,0.02002002002002002,0.18018018018018017,-2.6727500662532564,-2.681720469569168
2019-12-23,bb7,0.984,0.985,0.06006006006006006,-0.5099313280876849,0.076,0.02002002002002002,0.16016016016016016,0.08,0.02002002002002002,0.18018018018018017,-2.6120123824144135,-2.6265603076167
2019-12-24,bb7,0.986,0.986,0.06006006006006006,-0.320030029601325,0.088,0.02002002002002002,0.18018018018018017,0.088,0.02002002002002002,0.18018018018018017,-2.6276995527129943,-2.6370322662905674
2019-12-26,bb7,0.989,0.989,0.06006006006006006,-0.546272130312315,0.086,0.02002002002002002,0.16016016016016016,0.092,0.02002002002002002,0.18018018018018017,-2.5312467148808846,-2.5431435953787234
2019-12-27,bb7,0.986,0.986,0.06006006006006006,1.6550814281374797,0.058,0.02002002002002002,0.16016016016016016,0.064,0.02002002002002002,0.18018018018018017,-2.5210876584883435,-2.5330652245834333
2019-12-30,bb7,1.0,1.0,0.06006006006006006,-0.699872479325085,0.094,0.02002002002002002,0.16016016016016016,0.108,0.02002002002002002,0.18018018018018017,-2.630099404700756,-2.6440231276028388
2019-12-31,student,1.0,1.0,0.06006006006006006,-0.21681651625957,0.108,0.02002002002002002,0.16016016016016016,0.112,0.02002002002002002,0.18018018018018017,-2.5402518141269272,-2.556473429068189
2020-01-01,bb7,1.0,1.0,0.06006006006006006,0.49305078939068,0.074,0.02002002002002002,0.16016016016016016,0.084,0.02002002002002002,0.18018018018018017,-2.4510504478049735,-2.4626675461018364
2020-01-02,bb7,1.0,1.0,0.06006006006006006,0.573741378479105,0.072,0.02002002002002002,0.16016016016016016,0.076,0.02002002002002002,0.18018018018018017,-2.4015000752243685,-2.4127626146161716
2020-01-03,bb7,0.993,0.994,0.06006006006006006,-0.06893544368581006,0.09,0.02002002002002002,0.16016016016016016,0.092,0.02002002002002002,0.18018018018018017,-2.3785801439794465,-2.387074507006272
2020-01-06,bb7,0.993,0.993,0.06006006006006006,-2.7340936648355747,0.1,0.02002002002002002,0.18018018018018017,0.1,0.02002002002002002,0.18018018018018017,-2.5797316347546504,-2.590161734545987
2020-01-07,bb7,0.993,0.993,0.06006006006006006,-0.840705325536345,0.09,0.02002002002002002,0.16016016016016016,0.092,0.02002002002002002,0.18018018018018017,-2.978877114927208,-2.992974796610554
2020-01-08,bb7,0.993,0.993,0.06006006006006006,-0.45140654779012,0.094,0.02002002002002002,0.18018018018018017,0.094,0.02002002002002002,0.18018018018018017,-2.8423245412694436,-2.848379334150347
2020-01-09,bb7,0.989,0.989,0.06006006006006006,2.246870455987425,0.096,0.02002002002002002,0.18018018018018017,0.096,0.02002002002002002,0.18018018018018017,-2.746040864115884,-2.7496246132929185
2020-01-10,bb7,0.987,0.987,0.06006006006006006,1.03267408439493,0.1,0.02002002002002002,0.16016016016016016,0.102,0.02002002002002002,0.18018018018018017,-2.919274980238334,-2.93086756069779
2020-01-13,bb7,0.993,0.993,0.06006006006006006,2.11591323150483,0.066,0.02002002002002002,0.16016016016016016,0.072,0.02002002002002002,0.18018018018018017,-2.696526027829538,-2.702651309730212
2020-01-14,student,0.993,0.993,0.06006006006006006,-0.28189657804566504,0.086,0.02002002002002002,0.18018018018018017,0.084,0.02002002002002002,0.18018018018018017,-2.90676324942685,-2.910226448208046
2020-01-15,student,0.999,0.999,0.06006006006006006,-1.099834496299755,0.08,0.02002002002002002,0.16016016016016016,0.088,0.02002002002002002,0.1606606606606602,-2.7288442506368034,-2.7412508581141046
2020-01-16,student,0.999,0.999,0.06006006006006006,-0.18254495009691,0.106,0.02002002002002002,0.18018018018018017,0.104,0.02002002002002002,0.16016016016016016,-2.7210838536942776,-2.716991122154783
2020-01-17,student,0.999,0.999,0.04004004004004004,-0.7710881620842,0.08,0.02002002002002002,0.16016016016016016,0.084,0.02002002002002002,0.16016016016016016,-2.6353064757596925,-2.6412202945706147
2020-01-20,student,0.999,0.999,0.04004004004004004,-0.593858018003885,0.082,0.02002002002002002,0.16016016016016016,0.086,0.02002002002002002,0.16016016016016016,-2.652936148859755,-2.6613349534212447
2020-01-21,student,0.999,0.999,0.04004004004004004,-0.43644791189029,0.064,0.02002002002002002,0.16016016016016016,0.064,0.02002002002002002,0.16016016016016016,-2.581398586964734,-2.5874187964595987
2020-01-22,student,0.999,0.999,0.04004004004004004,0.89136437183987,0.078,0.02002002002002002,0.16016016016016016,0.082,0.02002002002002002,0.16016016016016016,-2.4934528235197257,-2.4969675357986496
2020-01-23,student,0.999,0.999,0.04004004004004004,2.01298806157239,0.076,0.02002002002002002,0.16016016016016016,0.078,0.02002002002002002,0.16016016016016016,-2.4781342061693477,-2.4805376071972343
2020-01-24,student,0.993,0.993,0.04004004004004004,0.029227290085369978,0.064,0.02002002002002002,0.16016016016016016,0.064,0.02002002002002002,0.16016016016016016,-2.745737347331493,-2.7476788950991824
2020-01-27,student,0.999,0.999,0.04004004004004004,-1.5240633286336949,0.076,0.02002002002002002,0.16016016016016016,0.074,0.02002002002002002,0.16016016016016016,-2.4301492651586867,-2.4280887870254775
2020-01-28,student,0.993,0.993,0.04004004004004004,-0.18066141179814502,0.076,0.02002002002002002,0.16016016016016016,0.076,0.02002002002002002,0.16016016016016016,-2.67859759565752,-2.6769496702489377
2020-01-29,bb7,0.999,0.999,0.04004004004004004,0.9600812461180099,0.08,0.02002002002002002,0.16016016016016016,0.08,0.02002002002002002,0.16016016016016016,-2.56233129259439,-2.562980990775053
2020-01-30,bb7,0.989,0.993,0.04004004004004004,-1.4899715778860951,0.08,0.02002002002002002,0.16016016016016016,0.078,0.02002002002002002,0.16016016016016016,-2.647992135586689,-2.646125272253499
2020-01-31,bb7,0.979,0.978,0.04004004004004004,0.9267342323667249,0.062,0.02002002002002002,0.16016016016016016,0.06,0.02002002002002002,0.16016016016016016,-2.5687817462535287,-2.5653347193716938
2020-02-03,bb7,0.975,0.973,0.04004004004004004,-3.8558136610569402,0.084,0.02002002002002002,0.18018018018018017,0.08,0.02002002002002002,0.16016016016016016,-2.714456019892845,-2.706989635266551
2020-02-04,student,0.951,0.951,0.04004004004004004,2.6635973362179204,0.074,0.02002002002002002,0.16016016016016016,0.08,0.02002002002002002,0.16016016016016016,-3.050208491728426,-3.0557490800057554
2020-02-05,student,0.993,0.996,0.04004004004004004,0.559689264207705,0.078,0.02002002002002002,0.16016016016016016,0.08,0.02002002002002002,0.16016016016016016,-3.3626359716037433,-3.36576583622773
2020-02-06,student,0.981,0.98,0.04004004004004004,0.8817752443652151,0.088,0.02002002002002002,0.16016016016016016,0.088,0.02002002002002002,0.1606606606606602,-3.2373439680637404,-3.241969841183767
2020-02-07,student,0.999,1.0,0.04004004004004004,0.16630082555665004,0.066,0.02002002002002002,0.16016016016016016,0.07,0.02002002002002002,0.16016016016016016,-3.2527168301201193,-3.2608277124934055
2020-02-10,student,1.0,1.0,0.04004004004004004,-0.585212185499745,0.084,0.02002002002002002,0.16016016016016016,0.086,0.02002002002002002,0.16016016016016016,-3.140264549066139,-3.146252766707752
2020-02-11,student,0.998,0.999,0.04004004004004004,0.93265676521866,0.09,0.02002002002002002,0.16016016016016016,0.09,0.02002002002002002,0.16016016016016016,-2.9494724412044717,-2.9495152866039067
2020-02-12,student,0.999,0.999,0.04004004004004004,-0.16141933262417507,0.058,0.02002002002002002,0.16016016016016016,0.06,0.02002002002002002,0.16016016016016016,-2.9302256166426504,-2.9327674035829925
2020-02-13,student,0.994,0.993,0.04004004004004004,1.831365263981485,0.072,0.02002002002002002,0.16016016016016016,0.07,0.02002002002002002,0.16016016016016016,-2.8246411560685933,-2.824744399808359
2020-02-14,student,0.998,0.999,0.04004004004004004,-1.61195856536103,0.098,0.02002002002002002,0.16016016016016016,0.1,0.02002002002002002,0.16016016016016016,-2.8985528815057195,-2.8959774517468215
2020-02-17,student,0.998,0.999,0.04004004004004004,-0.630345207963825,0.06,0.02002002002002002,0.16016016016016016,0.058,0.02002002002002002,0.16016016016016016,-2.754052101717404,-2.7478649400828927
2020-02-18,student,0.999,0.999,0.04004004004004004,1.04694861444787,0.088,0.02002002002002002,0.16016016016016016,0.088,0.02002002002002002,0.16016016016016016,-2.8570505864632105,-2.851137535514491
2020-02-19,student,0.997,0.999,0.04004004004004004,0.614145977612205,0.086,0.02002002002002002,0.16016016016016016,0.086,0.02002002002002002,0.16016016016016016,-2.8791064560577153,-2.872574922690673
2020-02-20,student,0.996,0.999,0.04004004004004004,0.9106194228684249,0.07,0.02002002002002002,0.16016016016016016,0.068,0.02002002002002002,0.16016016016016016,-2.724507984165199,-2.717497922884896
2020-02-24,student,0.997,0.999,0.04004004004004004,-0.7946159944220551,0.078,0.02002002002002002,0.16016016016016016,0.078,0.02002002002002002,0.16016016016016016,-2.7037685003540357,-2.6967464805103245
2020-02-25,student,0.994,0.997,0.04004004004004004,0.752492649880945,0.074,0.02002002002002002,0.16016016016016016,0.076,0.02002002002002002,0.16016016016016016,-2.7003668939598153,-2.692883726321181
2020-02-26,student,0.994,0.997,0.04004004004004004,-0.7760659733209851,0.072,0.02002002002002002,0.16016016016016016,0.068,0.02002002002002002,0.16016016016016016,-2.6554957002615156,-2.6466296576120056
2020-02-27,student,0.998,0.999,0.04004004004004004,-1.27534383786048,0.076,0.02002002002002002,0.16016016016016016,0.074,0.02002002002002002,0.16016016016016016,-2.5285054306661374,-2.5229688876314023
2020-02-28,student,0.996,0.999,0.04004004004004004,-6.091336440385215,0.102,0.02002002002002002,0.16016016016016016,0.102,0.02002002002002002,0.16016016016016016,-2.622005366685058,-2.610359976683165
2020-03-02,student,0.987,0.987,0.06006006006006006,-2.00800899625764,0.078,0.02002002002002002,0.18018018018018017,0.08,0.02002002002002002,0.18018018018018017,-3.5113343875358205,-3.486793603771123
2020-03-03,student,0.999,0.999,0.06006006006006006,0.82428527626849,0.094,0.02002002002002002,0.18018018018018017,0.102,0.02002002002002002,0.18018018018018017,-4.144449288064032,-4.134704309739493
2020-03-04,student,0.999,0.999,0.06006006006006006,-0.010771811300520073,0.108,0.02002002002002002,0.18018018018018017,0.104,0.02002002002002002,0.18018018018018017,-3.983819312834022,-3.989537399947499
2020-03-05,student,0.998,0.999,0.06006006006006006,0.28346483792556,0.1,0.02002002002002002,0.18018018018018017,0.098,0.02002002002002002,0.18018018018018017,-3.7576556713856393,-3.743057742789419
2020-03-06,student,0.997,0.998,0.06006006006006006,-4.2690100051835405,0.074,0.02002002002002002,0.18018018018018017,0.08,0.02002002002002002,0.18018018018018017,-3.4242156272959345,-3.410087580353732
2020-03-09,student,0.997,0.998,0.06006006006006006,-5.6459217076530095,0.084,0.02002002002002002,0.18018018018018017,0.096,0.02002002002002002,0.18018018018018017,-4.062518799124503,-4.044755376359609
2020-03-11,student,0.996,0.997,0.08008008008008008,-3.001987515260515,0.094,0.02002002002002002,0.18018018018018017,0.1,0.02002002002002002,0.20020020020020018,-4.694882734634317,-4.7017373047469215
2020-03-12,student,1.0,1.0,0.08008008008008008,-11.275445366867661,0.086,0.02002002002002002,0.18018018018018017,0.1,0.02002002002002002,0.20020020020020018,-4.981236172048232,-5.000184805749983
2020-03-13,student,0.993,0.993,0.10010010010010009,7.351791856301929,0.102,0.02002002002002002,0.18018018018018017,0.13,0.04004004004004004,0.2202202202202202,-7.764328754903467,-7.818233537231385
2020-03-16,student,0.999,0.999,0.10010010010010009,-8.84432961540909,0.094,0.02002002002002002,0.18018018018018017,0.112,0.04004004004004004,0.2202202202202202,-8.128898498831125,-8.190514388380379
2020-03-17,student,0.995,0.993,0.10010010010010009,-4.3485520532076745,0.078,0.02002002002002002,0.18018018018018017,0.104,0.04004004004004004,0.2202202202202202,-9.053769203199261,-9.148137731517178
2020-03-18,student,0.996,0.993,0.10010010010010009,-1.884413226409415,0.092,0.02002002002002002,0.18018018018018017,0.114,0.04004004004004004,0.2202202202202202,-8.789290955464432,-8.863787446192925
2020-03-19,student,0.993,0.993,0.10010010010010009,-1.7164050614435298,0.096,0.02002002002002002,0.18018018018018017,0.11,0.04004004004004004,0.2202202202202202,-8.231493663317266,-8.29128118025973
2020-03-20,student,0.993,0.993,0.10010010010010009,5.00747153686548,0.082,0.02002002002002002,0.18018018018018017,0.11,0.04004004004004004,0.2202202202202202,-7.952396748670357,-8.025482653812333
2020-03-23,student,0.991,0.989,0.10010010010010009,-12.51918802866225,0.096,0.02002002002002002,0.18018018018018017,0.114,0.04004004004004004,0.2202202202202202,-7.139003677169988,-7.206507522108941
2020-03-24,student,0.997,0.993,0.12012012012012012,6.119954128979665,0.09,0.02002002002002002,0.18018018018018017,0.126,0.04004004004004004,0.24024024024024024,-10.104737234316993,-10.283852371699071
2020-03-25,student,0.995,0.993,0.12012012012012012,3.167289905150515,0.088,0.02002002002002002,0.18018018018018017,0.122,0.04004004004004004,0.24024024024024024,-9.83105535893395,-10.017859431170171
2020-03-26,student,0.995,0.993,0.12012012012012012,3.69154515953147,0.078,0.02002002002002002,0.18018018018018017,0.126,0.04004004004004004,0.24024024024024024,-8.82954583312037,-9.058651423668907
2020-03-27,student,0.998,0.996,0.12012012012012012,1.5719214115385602,0.084,0.02002002002002002,0.18018018018018017,0.11,0.04004004004004004,0.24024024024024024,-7.588944022740287,-7.7529276750978084
2020-03-30,student,0.999,0.996,0.12012012012012012,-4.396773914368935,0.086,0.02002002002002002,0.18018018018018017,0.108,0.04004004004004004,0.24024024024024024,-6.89258208592271,-7.0161119418409745
2020-03-31,student,0.999,0.996,0.12012012012012012,3.7604783023959705,0.12,0.02002002002002002,0.18018018018018017,0.164,0.04004004004004004,0.24024024024024024,-7.213940651330144,-7.379249242131316
2020-04-01,student,0.996,0.993,0.12012012012012012,-5.798318394109425,0.098,0.02002002002002002,0.18018018018018017,0.146,0.04004004004004004,0.24024024024024024,-7.007272647372026,-7.158280310486226
2020-04-03,student,0.999,0.999,0.12012012012012012,-4.491897010008985,0.094,0.02002002002002002,0.18018018018018017,0.138,0.04004004004004004,0.24024024024024024,-7.014617585343942,-7.122020675861566
2020-04-07,student,0.997,0.995,0.12012012012012012,7.367631347513855,0.094,0.02002002002002002,0.18018018018018017,0.12,0.04004004004004004,0.24024024024024024,-7.264038889727502,-7.379080453902647
2020-04-08,student,1.0,1.0,0.12012012012012012,-1.5028448198333297,0.108,0.02002002002002002,0.18018018018018017,0.14,0.04004004004004004,0.24024024024024024,-7.231824734077673,-7.412032556134212
2020-04-09,student,0.999,0.997,0.12012012012012012,1.6480164720507,0.128,0.02002002002002002,0.18018018018018017,0.16,0.04004004004004004,0.24024024024024024,-6.448726013286453,-6.620541817964695
2020-04-13,student,0.999,0.999,0.12012012012012012,-1.054535225948295,0.12,0.02002002002002002,0.18068068068068022,0.168,0.04004004004004004,0.24024024024024024,-5.982948190514344,-6.1319868024856845
2020-04-15,student,0.999,0.999,0.12012012012012012,-0.18507841791500498,0.098,0.02002002002002002,0.18068068068068022,0.128,0.04004004004004004,0.24024024024024024,-5.147489928110988,-5.2627433451974674
2020-04-16,student,0.999,0.999,0.12012012012012012,0.45487060980430516,0.084,0.02002002002002002,0.18018018018018017,0.118,0.04004004004004004,0.24024024024024024,-4.674387471035621,-4.7678523219784985
2020-04-17,student,0.999,0.999,0.12012012012012012,1.63552583836916,0.118,0.02002002002002002,0.18018018018018017,0.154,0.04004004004004004,0.24024024024024024,-4.731790250070136,-4.8339003053792435
2020-04-20,student,0.999,0.999,0.12012012012012012,1.72070250764,0.096,0.02002002002002002,0.18018018018018017,0.148,0.04004004004004004,0.24024024024024024,-4.353607599565509,-4.4473226201702385
2020-04-21,bb7,0.999,0.996,0.12012012012012012,-3.6171307303925597,0.094,0.02002002002002002,0.18018018018018017,0.122,0.04004004004004004,0.24024024024024024,-4.188159192320075,-4.267915223666563
2020-04-22,bb7,1.0,0.999,0.12012012012012012,1.73614874158614,0.092,0.02002002002002002,0.18068068068068022,0.124,0.04004004004004004,0.24024024024024024,-4.464700872557453,-4.569695964602439
2020-04-23,bb7,1.0,0.999,0.12012012012012012,2.30263652599876,0.112,0.02002002002002002,0.20020020020020018,0.15,0.04004004004004004,0.24024024024024024,-4.170870511639155,-4.242123325483026
2020-04-24,bb7,1.0,0.999,0.12012012012012012,-3.489695578557495,0.078,0.02002002002002002,0.20020020020020018,0.128,0.04004004004004004,0.24024024024024024,-4.209985974153829,-4.280230120739516
2020-04-27,bb7,0.999,0.997,0.12012012012012012,0.817896919225315,0.096,0.02002002002002002,0.20020020020020018,0.148,0.06006006006006006,0.2602602602602602,-4.367347974261289,-4.5209499172913405
2020-04-28,bb7,0.999,0.998,0.12012012012012012,0.636745977542885,0.098,0.02002002002002002,0.20020020020020018,0.156,0.06006006006006006,0.2602602602602602,-4.141303408836716,-4.21838705143042
2020-04-29,bb7,0.999,0.996,0.12012012012012012,2.7346054619408804,0.108,0.02002002002002002,0.20020020020020018,0.156,0.06006006006006006,0.2602602602602602,-3.7869040591671377,-3.8961380013622207
2020-04-30,bb7,0.999,0.999,0.12012012012012012,2.9038551090986253,0.098,0.02002002002002002,0.20020020020020018,0.134,0.04004004004004004,0.24024024024024024,-3.7871682172063506,-3.8736687661629827
2020-05-04,bb7,0.999,0.999,0.12012012012012012,-6.165067297861265,0.096,0.02002002002002002,0.20020020020020018,0.112,0.04004004004004004,0.24024024024024024,-3.7372589937435423,-3.821791499923934
2020-05-05,bb7,0.999,0.999,0.14014014014014015,-2.41995564933771,0.114,0.02002002002002002,0.20020020020020018,0.154,0.06006006006006006,0.2602602602602602,-5.2322288404340105,-5.388898162205094
2020-05-06,bb7,0.993,0.99,0.14014014014014015,-0.37728269528196,0.122,0.02002002002002002,0.20020020020020018,0.178,0.06006006006006006,0.2602602602602602,-5.411944155676108,-5.589907956253799
2020-05-07,bb7,0.999,0.999,0.14014014014014015,-0.17375648484487502,0.084,0.02002002002002002,0.20020020020020018,0.124,0.06006006006006006,0.2602602602602602,-4.707365102635589,-4.867935329024204
2020-05-08,bb7,1.0,1.0,0.14014014014014015,-0.5244977611464451,0.1,0.02002002002002002,0.20020020020020018,0.154,0.06006006006006006,0.2602602602602602,-4.429914091482,-4.571063497601758
2020-05-11,bb7,1.0,1.0,0.14014014014014015,0.27973551624280496,0.096,0.02002002002002002,0.20020020020020018,0.154,0.06006006006006006,0.2602602602602602,-4.218688574790714,-4.343990989748972
2020-05-12,bb7,1.0,1.0,0.14014014014014015,0.782873221159895,0.116,0.02002002002002002,0.20020020020020018,0.174,0.06006006006006006,0.2602602602602602,-4.025478338068103,-4.163078676159657
2020-05-13,bb7,0.996,0.997,0.14014014014014015,2.5821622766340995,0.07,0.02002002002002002,0.20020020020020018,0.102,0.06006006006006006,0.2602602602602602,-3.567647002366503,-3.6271462211895633
2020-05-14,bb7,1.0,1.0,0.14014014014014015,-4.460936979850279,0.128,0.02002002002002002,0.20020020020020018,0.168,0.06006006006006006,0.2602602602602602,-3.7210491078173256,-3.837961595006159
2020-05-15,bb7,1.0,1.0,0.14014014014014015,-0.9099997388184999,0.106,0.02002002002002002,0.20020020020020018,0.154,0.06006006006006006,0.26076076076076027,-4.400267505998467,-4.508171953950577
2020-05-18,bb7,1.0,1.0,0.14014014014014015,-2.57043380408897,0.096,0.02002002002002002,0.20020020020020018,0.134,0.06006006006006006,0.26076076076076027,-4.1063276817928545,-4.251453653497588
2020-05-19,bb7,1.0,1.0,0.14014014014014015,-0.4587356654162151,0.116,0.02002002002002002,0.20020020020020018,0.164,0.06006006006006006,0.2602602602602602,-5.0124028271709715,-5.188513991004269
2020-05-20,bb7,1.0,1.0,0.14014014014014015,0.26693972668085,0.096,0.02002002002002002,0.20020020020020018,0.146,0.06006006006006006,0.2602602602602602,-4.6897898035548335,-4.8341106422565865
2020-05-21,bb7,1.0,1.0,0.14014014014014015,-0.2773632601521,0.072,0.02002002002002002,0.20020020020020018,0.096,0.06006006006006006,0.2602602602602602,-4.250323145783346,-4.350920683557015
2020-05-22,bb7,1.0,1.0,0.14014014014014015,1.113496284078855,0.104,0.02002002002002002,0.20020020020020018,0.154,0.06006006006006006,0.2602602602602602,-4.205399444241136,-4.3522062603918075
2020-05-26,bb7,1.0,0.999,0.14014014014014015,-0.6775385650993151,0.118,0.02002002002002002,0.20020020020020018,0.154,0.06006006006006006,0.2602602602602602,-4.079058722099498,-4.187295921770201
2020-05-27,bb7,1.0,1.0,0.14014014014014015,4.119727016348485,0.09,0.02002002002002002,0.20020020020020018,0.142,0.06006006006006006,0.2602602602602602,-3.640984320737656,-3.7460568317775986
2020-05-28,bb7,1.0,1.0,0.14014014014014015,0.011757894903045019,0.102,0.02002002002002002,0.20020020020020018,0.162,0.06006006006006006,0.2602602602602602,-3.973904045987637,-4.07247664183922
2020-05-29,bb7,1.0,1.0,0.14014014014014015,0.473499058571195,0.1,0.039539539539539564,0.20020020020020018,0.142,0.06006006006006006,0.2602602602602602,-3.686762610340105,-3.7823031032852685
2020-06-01,bb7,1.0,1.0,0.14014014014014015,3.25619798634724,0.096,0.039539539539539564,0.20020020020020018,0.134,0.06006006006006006,0.2602602602602602,-3.4149788720256065,-3.514300427623411
2020-06-02,bb7,1.0,1.0,0.14014014014014015,0.6661658987536849,0.116,0.02002002002002002,0.20020020020020018,0.162,0.06006006006006006,0.2602602602602602,-3.8590872799403995,-3.9808926218255865
2020-06-03,bb7,1.0,1.0,0.14014014014014015,0.8826733303915801,0.116,0.039539539539539564,0.20020020020020018,0.158,0.06006006006006006,0.2602602602602602,-3.5202383564520185,-3.6091042409813543
2020-06-04,bb7,1.0,1.0,0.14014014014014015,0.19635437679770001,0.092,0.02002002002002002,0.20020020020020018,0.14,0.06006006006006006,0.2602602602602602,-3.360583019671215,-3.4581885672329236
2020-06-05,bb7,1.0,1.0,0.14014014014014015,3.5041402931662553,0.12,0.02002002002002002,0.20020020020020018,0.166,0.06006006006006006,0.2602602602602602,-3.1939514329903997,-3.282186391664053
2020-06-08,bb7,1.0,1.0,0.14014014014014015,0.947649670084615,0.084,0.02002002002002002,0.20020020020020018,0.126,0.06006006006006006,0.2602602602602602,-3.726879754604499,-3.830529389292262
2020-06-09,bb7,1.0,1.0,0.14014014014014015,-0.8589466780998949,0.138,0.02002002002002002,0.20020020020020018,0.182,0.06006006006006006,0.26076076076076027,-3.7101889189104567,-3.817619753310927
2020-06-10,bb7,1.0,1.0,0.14014014014014015,0.7512506247841149,0.132,0.02002002002002002,0.20020020020020018,0.184,0.06006006006006006,0.26076076076076027,-3.4718695779453315,-3.573135806653947
2020-06-11,bb7,1.0,1.0,0.14014014014014015,-3.73056818864778,0.098,0.02002002002002002,0.20020020020020018,0.15,0.06006006006006006,0.26076076076076027,-3.1732096543538026,-3.2461116944454087
2020-06-12,bb7,1.0,1.0,0.14014014014014015,-0.2911263542581749,0.096,0.02002002002002002,0.20020020020020018,0.152,0.06006006006006006,0.2802802802802803,-3.937199816326283,-4.059200776525017
2020-06-15,bb7,1.0,1.0,0.14014014014014015,-1.870875993456925,0.134,0.02002002002002002,0.20020020020020018,0.184,0.06006006006006006,0.2802802802802803,-3.869644269532464,-4.003477394874523
2020-06-16,bb7,1.0,1.0,0.14014014014014015,0.7521202913848151,0.1,0.02002002002002002,0.20020020020020018,0.154,0.06006006006006006,0.2802802802802803,-3.7402551204473102,-3.834937731966971
2020-06-17,bb7,1.0,1.0,0.14014014014014015,0.18885191558497497,0.1,0.02002002002002002,0.20020020020020018,0.164,0.06006006006006006,0.2802802802802803,-3.70961035307164,-3.8434964167890837
2020-06-18,bb7,1.0,1.0,0.14014014014014015,2.62348802388175,0.11,0.02002002002002002,0.20020020020020018,0.164,0.06006006006006006,0.2802802802802803,-3.5257963830439465,-3.6463020810321294
2020-06-19,bb7,1.0,1.0,0.14014014014014015,0.7436912830632898,0.09,0.02002002002002002,0.20020020020020018,0.136,0.06006006006006006,0.2802802802802803,-3.568235746560869,-3.6827540106956356
2020-06-22,student,0.997,0.997,0.14014014014014015,0.72849761963618,0.102,0.02002002002002002,0.20020020020020018,0.17,0.06006006006006006,0.2802802802802803,-3.532871272600626,-3.661676852268851
2020-06-23,student,0.998,0.998,0.14014014014014015,2.4396356420256646,0.094,0.02002002002002002,0.20020020020020018,0.152,0.06006006006006006,0.2802802802802803,-3.3155656253933325,-3.4327736907658988
2020-06-24,bb7,0.999,0.999,0.14014014014014015,-2.535273490669265,0.088,0.02002002002002002,0.20020020020020018,0.12,0.06006006006006006,0.2802802802802803,-3.279093225746866,-3.3429856741865684
2020-06-25,student,0.999,0.999,0.14014014014014015,-0.7891776251063451,0.092,0.02002002002002002,0.20020020020020018,0.124,0.06006006006006006,0.2802802802802803,-3.284046586508617,-3.359284695207664
2020-06-26,bb7,0.999,0.999,0.14014014014014015,3.118047735796915,0.09,0.02002002002002002,0.20020020020020018,0.128,0.06006006006006006,0.2802802802802803,-3.3633075744140215,-3.4569134605067853
2020-06-29,student,0.999,0.999,0.14014014014014015,-2.582067487115315,0.1,0.02002002002002002,0.20020020020020018,0.154,0.06006006006006006,0.2802802802802803,-3.801105389967657,-3.9338635331422034
2020-06-30,bb7,0.999,0.999,0.14014014014014015,0.06250812017441001,0.064,0.02002002002002002,0.20020020020020018,0.11,0.06006006006006006,0.2802802802802803,-3.6085278569794794,-3.7592235568891503
2020-07-01,bb7,1.0,1.0,0.14014014014014015,1.4723684755064748,0.08,0.02002002002002002,0.20020020020020018,0.132,0.06006006006006006,0.2802802802802803,-3.4781354466833525,-3.5858349392980444
2020-07-02,student,1.0,1.0,0.14014014014014015,1.8351017764812798,0.116,0.02002002002002002,0.20020020020020018,0.156,0.06006006006006006,0.2802802802802803,-3.635354925531733,-3.793061693499456
2020-07-03,student,1.0,1.0,0.14014014014014015,0.19888428939025002,0.116,0.02002002002002002,0.20020020020020018,0.18,0.06006006006006006,0.2802802802802803,-3.478302146728479,-3.618967103124322
2020-07-06,bb7,1.0,1.0,0.14014014014014015,0.9839036761692349,0.09,0.02002002002002002,0.20020020020020018,0.14,0.06006006006006006,0.2802802802802803,-3.204165121828076,-3.3373537896927523
2020-07-07,student,0.999,1.0,0.14014014014014015,2.081257071200005,0.118,0.02002002002002002,0.20020020020020018,0.16,0.06006006006006006,0.2802802802802803,-3.168988558256393,-3.3027312177790393
2020-07-08,student,1.0,1.0,0.14014014014014015,-0.37253023046592504,0.118,0.02002002002002002,0.20020020020020018,0.174,0.06006006006006006,0.2802802802802803,-3.2750570972338156,-3.4217733409576985
2020-07-09,student,1.0,1.0,0.14014014014014015,2.291403302290595,0.12,0.02002002002002002,0.20020020020020018,0.186,0.06006006006006006,0.2802802802802803,-3.191819440541691,-3.3538992071391798
2020-07-10,bb7,1.0,1.0,0.14014014014014015,-0.8771802031199201,0.09,0.02002002002002002,0.20020020020020018,0.168,0.06006006006006006,0.2802802802802803,-3.2195224888335026,-3.3531105382079542
2020-07-13,student,0.998,1.0,0.14014014014014015,0.2158597793743149,0.11,0.02002002002002002,0.20020020020020018,0.174,0.06006006006006006,0.2802802802802803,-3.1242926386968644,-3.2647753609826613
2020-07-14,student,0.999,1.0,0.14014014014014015,-2.6292280389740648,0.136,0.02002002002002002,0.20020020020020018,0.184,0.06006006006006006,0.2802802802802803,-3.42935554418478,-3.5754939559530605
2020-07-15,bb7,0.999,1.0,0.14014014014014015,2.347527391853725,0.092,0.02002002002002002,0.20020020020020018,0.164,0.06006006006006006,0.2802802802802803,-3.432394750557145,-3.571679489975604
2020-07-16,bb7,0.999,0.999,0.14014014014014015,5.26075064724721,0.09,0.02002002002002002,0.20020020020020018,0.152,0.06006006006006006,0.2802802802802803,-3.8701326045834366,-4.043618799380646
2020-07-17,student,0.999,0.999,0.14014014014014015,0.08805207509514495,0.096,0.02002002002002002,0.20020020020020018,0.186,0.06006006006006006,0.2802802802802803,-5.061833398629646,-5.305106941707849
2020-07-20,student,1.0,1.0,0.14014014014014015,2.36836583042041,0.092,0.02002002002002002,0.20020020020020018,0.146,0.06006006006006006,0.2802802802802803,-4.245274537254023,-4.388718296971689
2020-07-21,student,1.0,1.0,0.14014014014014015,1.07865173418103,0.108,0.02002002002002002,0.20020020020020018,0.176,0.06006006006006006,0.2802802802802803,-4.215157035410474,-4.406647898783694
2020-07-22,student,0.999,0.999,0.14014014014014015,-1.63752617350666,0.096,0.02002002002002002,0.18068068068068022,0.162,0.06006006006006006,0.2802802802802803,-3.9682049260214916,-4.195993938158161
2020-07-23,bb7,1.0,1.0,0.14014014014014015,1.0567152398413748,0.078,0.02002002002002002,0.20020020020020018,0.13,0.06006006006006006,0.2802802802802803,-3.6340467337739057,-3.7605995649315465
2020-07-24,student,1.0,1.0,0.14014014014014015,-0.8008268739158999,0.114,0.02002002002002002,0.20020020020020018,0.188,0.06006006006006006,0.2802802802802803,-3.6717029170068924,-3.851729578530854
2020-07-27,student,0.999,0.999,0.14014014014014015,0.10189598780992504,0.092,0.02002002002002002,0.18018018018018017,0.154,0.06006006006006006,0.2802802802802803,-3.842031556715659,-4.008422649187627
2020-07-28,student,0.999,0.999,0.14014014014014015,1.3641707698076448,0.118,0.02002002002002002,0.18018018018018017,0.176,0.06006006006006006,0.2802802802802803,-3.7783351429201093,-3.9985496903711146
2020-07-29,bb7,1.0,1.0,0.14014014014014015,0.005903157836285033,0.086,0.02002002002002002,0.18018018018018017,0.166,0.06006006006006006,0.2802802802802803,-3.6899401469677406,-3.8381541995273465
2020-07-30,student,0.999,0.999,0.14014014014014015,-0.8499532492954001,0.104,0.02002002002002002,0.18018018018018017,0.166,0.06006006006006006,0.2802802802802803,-3.34444162031805,-3.5096942663068837
2020-07-31,bb7,0.999,0.998,0.14014014014014015,1.532429667029045,0.062,0.02002002002002002,0.18018018018018017,0.122,0.06006006006006006,0.2802802802802803,-3.3349611926318463,-3.4444267518506555
2020-08-03,bb7,1.0,0.999,0.14014014014014015,-0.26474941601172003,0.082,0.02002002002002002,0.18018018018018017,0.128,0.06006006006006006,0.2802802802802803,-3.107590960061145,-3.206444945492145
2020-08-04,bb7,0.999,0.999,0.14014014014014015,-0.539075158030905,0.076,0.02002002002002002,0.18018018018018017,0.13,0.06006006006006006,0.2802802802802803,-2.9076917106530504,-3.0485461563575744
2020-08-05,bb7,1.0,0.999,0.14014014014014015,-0.310997289945715,0.088,0.02002002002002002,0.18018018018018017,0.148,0.06006006006006006,0.2802802802802803,-2.837122610148693,-2.9249869598663856
2020-08-06,bb7,1.0,0.999,0.14014014014014015,1.2344682392736,0.082,0.02002002002002002,0.18018018018018017,0.16,0.06006006006006006,0.2802802802802803,-2.7563514612627675,-2.8590074594136787
2020-08-07,student,1.0,1.0,0.14014014014014015,-1.116760839013435,0.152,0.02002002002002002,0.18018018018018017,0.216,0.06006006006006006,0.2802802802802803,-3.0065820538920205,-3.1566002475528347
2020-08-10,bb7,0.999,0.999,0.14014014014014015,0.8430193647358101,0.086,0.02002002002002002,0.18018018018018017,0.15,0.06006006006006006,0.2802802802802803,-2.7626463737899267,-2.8895939281800147
2020-08-11,student,0.999,1.0,0.14014014014014015,0.16882366286523004,0.102,0.02002002002002002,0.18018018018018017,0.178,0.06006006006006006,0.2802802802802803,-2.824550944927205,-2.9513021216031277
2020-08-12,student,0.999,0.999,0.14014014014014015,2.41283097697527,0.11,0.02002002002002002,0.18018018018018017,0.176,0.06006006006006006,0.2802802802802803,-2.6231928330443197,-2.7509953730114884
2020-08-13,student,1.0,1.0,0.14014014014014015,-0.54224430871578,0.1,0.02002002002002002,0.18018018018018017,0.168,0.06006006006006006,0.2802802802802803,-2.770173718826753,-2.8704823368808463
2020-08-14,student,1.0,1.0,0.14014014014014015,-1.229505265448195,0.096,0.02002002002002002,0.18018018018018017,0.146,0.06006006006006006,0.2802802802802803,-2.624262913876887,-2.734887987281264
2020-08-17,student,0.999,1.0,0.14014014014014015,-0.6686418091985051,0.108,0.02002002002002002,0.18018018018018017,0.168,0.06006006006006006,0.2802802802802803,-2.83409569770535,-2.9619993793437005
2020-08-18,student,0.999,1.0,0.14014014014014015,1.0372762843278798,0.114,0.02002002002002002,0.18018018018018017,0.192,0.06006006006006006,0.2802802802802803,-2.852665488505595,-2.9859219008688895
2020-08-19,student,0.999,0.999,0.14014014014014015,0.06910034242710006,0.104,0.02002002002002002,0.18018018018018017,0.142,0.06006006006006006,0.2802802802802803,-2.718743696566945,-2.8232244798555257
2020-08-20,bb7,0.999,0.998,0.14014014014014015,-0.8038079046752149,0.06,0.02002002002002002,0.18018018018018017,0.11,0.06006006006006006,0.2802802802802803,-2.640543434715313,-2.7463842807468684
2020-08-21,student,0.999,0.999,0.14014014014014015,0.5948994471560498,0.124,0.02002002002002002,0.18018018018018017,0.196,0.06006006006006006,0.2802802802802803,-2.6632894732043524,-2.8026540022643522
2020-08-24,student,1.0,1.0,0.14014014014014015,0.6889708073546951,0.112,0.02002002002002002,0.18018018018018017,0.198,0.06006006006006006,0.2802802802802803,-2.706255061801742,-2.8417385801413815
2020-08-25,student,0.999,0.999,0.14014014014014015,1.094575923000555,0.096,0.02002002002002002,0.18018018018018017,0.162,0.06006006006006006,0.2802802802802803,-2.584735476048694,-2.7067226187144655
2020-08-26,bb7,0.999,0.999,0.14014014014014015,1.12712673649669,0.088,0.02002002002002002,0.18018018018018017,0.14,0.06006006006006006,0.2802802802802803,-2.6477073154813446,-2.7488324035141343
2020-08-27,student,0.999,0.998,0.14014014014014015,1.165586768144255,0.102,0.02002002002002002,0.18018018018018017,0.152,0.06006006006006006,0.2802802802802803,-2.6525761449450376,-2.7757904939427793
2020-08-28,student,0.999,0.998,0.14014014014014015,1.4619495984449897,0.096,0.02002002002002002,0.18018018018018017,0.174,0.06006006006006006,0.2802802802802803,-2.616857904455839,-2.727493377661575
2020-08-31,bb7,0.999,0.999,0.14014014014014015,-3.29915695749879,0.086,0.02002002002002002,0.18018018018018017,0.156,0.06006006006006006,0.2802802802802803,-2.8585062370286667,-2.9914682551518625
2020-09-01,bb7,0.999,0.999,0.14014014014014015,0.63420471201081,0.092,0.02002002002002002,0.18018018018018017,0.16,0.06006006006006006,0.2802802802802803,-3.6493237079913627,-3.796499029279102
2020-09-02,bb7,0.997,0.998,0.14014014014014015,0.10994382232836503,0.084,0.02002002002002002,0.18018018018018017,0.156,0.06006006006006006,0.2802802802802803,-3.633423894409206,-3.7621314278525575
2020-09-03,bb7,0.998,0.999,0.14014014014014015,-0.10083200041556495,0.084,0.02002002002002002,0.18018018018018017,0.16,0.06006006006006006,0.2802802802802803,-3.5099506863635357,-3.6509384667225815
2020-09-04,bb7,0.997,0.997,0.14014014014014015,-2.4448411013596347,0.104,0.02002002002002002,0.18018018018018017,0.174,0.06006006006006006,0.2802802802802803,-3.428844238795349,-3.585976059883216
2020-09-07,bb7,0.998,0.999,0.14014014014014015,0.633554081178475,0.086,0.02002002002002002,0.18018018018018017,0.146,0.06006006006006006,0.2802802802802803,-3.3719702058351184,-3.508720069117085
2020-09-08,bb7,0.998,0.999,0.14014014014014015,-0.17023641780025012,0.098,0.02002002002002002,0.18018018018018017,0.148,0.06006006006006006,0.2802802802802803,-3.357410295883232,-3.495048574845322
2020-09-09,bb7,0.997,0.997,0.14014014014014015,-2.925392148712135,0.088,0.02002002002002002,0.18018018018018017,0.15,0.06006006006006006,0.2802802802802803,-3.3083590980701465,-3.436062299935186
2020-09-10,bb7,0.999,0.999,0.14014014014014015,1.498256205239985,0.082,0.02002002002002002,0.18018018018018017,0.164,0.06006006006006006,0.2802802802802803,-3.5897009652617373,-3.7501682681288147
2020-09-11,bb7,0.999,0.998,0.14014014014014015,1.434750246583415,0.104,0.02002002002002002,0.18018018018018017,0.152,0.06006006006006006,0.2802802802802803,-3.5564576622044943,-3.7140968763944464
2020-09-14,bb7,0.999,0.999,0.14014014014014015,0.6527608601611499,0.088,0.02002002002002002,0.18018018018018017,0.158,0.06006006006006006,0.2802802802802803,-3.3585704519481414,-3.4856372984588555
2020-09-15,bb7,0.999,0.999,0.14014014014014015,0.620447491854125,0.06,0.02002002002002002,0.18018018018018017,0.148,0.06006006006006006,0.2802802802802803,-3.5344756327185816,-3.691131121885226
2020-09-16,bb7,0.999,0.999,0.14014014014014015,0.4831832858965799,0.086,0.02002002002002002,0.18018018018018017,0.162,0.06006006006006006,0.2802802802802803,-3.2228920445084346,-3.332991035934664
2020-09-17,bb7,0.999,0.999,0.14014014014014015,-0.23901951989155001,0.09,0.02002002002002002,0.18018018018018017,0.166,0.06006006006006006,0.2802802802802803,-3.3002140474300896,-3.464248929351992
2020-09-18,bb7,0.998,0.998,0.14014014014014015,-1.1740664678827049,0.106,0.02002002002002002,0.18018018018018017,0.186,0.06006006006006006,0.2802802802802803,-3.0629182236673906,-3.204447828360434
2020-09-21,bb7,0.999,0.999,0.14014014014014015,-1.41204600565985,0.098,0.02002002002002002,0.18018018018018017,0.16,0.06006006006006006,0.2802802802802803,-2.8862589501117433,-3.0401734854371827
2020-09-22,bb7,0.999,0.999,0.14014014014014015,-0.011448263187295027,0.078,0.02002002002002002,0.18018018018018017,0.13,0.06006006006006006,0.2802802802802803,-3.1405678044295504,-3.2692209877268392
2020-09-23,bb7,0.999,0.999,0.14014014014014015,-0.044379463884899883,0.114,0.02002002002002002,0.18018018018018017,0.186,0.06006006006006006,0.2802802802802803,-3.120293266028527,-3.2441187492083365
2020-09-24,bb7,0.999,0.999,0.14014014014014015,-4.292131313049355,0.082,0.02002002002002002,0.18018018018018017,0.164,0.06006006006006006,0.2802802802802803,-2.972595600119831,-3.1055928064846294
2020-09-25,bb7,1.0,1.0,0.16016016016016016,3.44634184824137,0.092,0.02002002002002002,0.18018018018018017,0.182,0.06006006006006006,0.3003003003003003,-3.6221825649165154,-3.8318612270061667
2020-09-28,bb7,1.0,1.0,0.16016016016016016,1.3150438068731751,0.096,0.02002002002002002,0.18018018018018017,0.182,0.06006006006006006,0.28078078078078034,-3.9347140394109563,-4.120543080236695
2020-09-29,bb7,1.0,1.0,0.16016016016016016,-0.6602504173895,0.078,0.02002002002002002,0.18018018018018017,0.168,0.06006006006006006,0.3003003003003003,-3.7666562360839944,-3.9506090798060884
2020-09-30,bb7,1.0,1.0,0.16016016016016016,0.05729479057148001,0.098,0.02002002002002002,0.18018018018018017,0.172,0.06006006006006006,0.3003003003003003,-3.4382115055853824,-3.6526605906382636
2020-10-01,bb7,1.0,1.0,0.16016016016016016,1.7682991225807752,0.07,0.02002002002002002,0.18018018018018017,0.15,0.06006006006006006,0.3003003003003003,-3.2302521303098994,-3.3687488075368552
2020-10-05,bb7,1.0,1.0,0.16016016016016016,1.09384669718724,0.094,0.02002002002002002,0.18018018018018017,0.164,0.06006006006006006,0.3003003003003003,-3.3182173385427984,-3.479557137671316
2020-10-06,bb7,1.0,1.0,0.16016016016016016,1.084328894824915,0.104,0.02002002002002002,0.18018018018018017,0.152,0.06006006006006006,0.3003003003003003,-3.2131467800456366,-3.3449991178510206
2020-10-07,bb7,1.0,1.0,0.16016016016016016,0.273467178792075,0.09,0.02002002002002002,0.18018018018018017,0.168,0.06006006006006006,0.3003003003003003,-3.0636190268821113,-3.196468446173638
2020-10-08,bb7,1.0,1.0,0.16016016016016016,1.4661812082806849,0.1,0.02002002002002002,0.18018018018018017,0.184,0.06006006006006006,0.3003003003003003,-3.013778632588476,-3.1700432476179534
2020-10-09,bb7,1.0,1.0,0.16016016016016016,2.33999074281761,0.108,0.02002002002002002,0.18018018018018017,0.188,0.06006006006006006,0.3003003003003003,-3.135589558587796,-3.2879791482889846
2020-10-12,bb7,1.0,1.0,0.16016016016016016,1.2308162036345198,0.114,0.02002002002002002,0.18018018018018017,0.194,0.0795795795795796,0.3003003003003003,-3.09817517788821,-3.2528185185751353
2020-10-13,bb7,0.999,0.999,0.16016016016016016,0.36170557006010007,0.066,0.02002002002002002,0.18018018018018017,0.14,0.0795795795795796,0.3003003003003003,-2.985650849226408,-3.1261124395485846
2020-10-14,bb7,0.992,1.0,0.16016016016016016,0.19279845840989507,0.09,0.02002002002002002,0.18018018018018017,0.15,0.06006006006006006,0.3003003003003003,-2.9888381759136937,-3.104934479175575
2020-10-15,bb7,0.999,1.0,0.16016016016016016,-3.113279419800885,0.098,0.02002002002002002,0.18018018018018017,0.18,0.06006006006006006,0.3003003003003003,-2.969185183055916,-3.130540348222133
2020-10-16,bb7,0.998,1.0,0.18018018018018017,1.65837013934579,0.094,0.02002002002002002,0.18068068068068022,0.162,0.08008008008008008,0.3003003003003003,-3.2293415101430507,-3.4217146285981226
2020-10-19,bb7,0.998,1.0,0.18018018018018017,1.94202530266513,0.114,0.02002002002002002,0.20020020020020018,0.194,0.08008008008008008,0.3003003003003003,-3.3937881565548795,-3.5503236129249345
2020-10-20,bb7,1.0,1.0,0.18018018018018017,0.27911883775908997,0.094,0.02002002002002002,0.18018018018018017,0.152,0.08008008008008008,0.3003003003003003,-3.3138113544454066,-3.4940789187077175
2020-10-21,bb7,1.0,1.0,0.18018018018018017,0.646743603211225,0.112,0.02002002002002002,0.18018018018018017,0.206,0.08008008008008008,0.3003003003003003,-3.2394838023115797,-3.4532156141383035
2020-10-22,bb7,1.0,1.0,0.18018018018018017,-0.9580294841526751,0.104,0.02002002002002002,0.18018018018018017,0.194,0.08008008008008008,0.3003003003003003,-3.109494391938588,-3.2901527315989476
2020-10-23,bb7,0.997,1.0,0.18018018018018017,0.12022315637243002,0.1,0.02002002002002002,0.18018018018018017,0.176,0.0795795795795796,0.3003003003003003,-2.893165604443131,-3.060707623960713
2020-10-26,bb7,0.997,1.0,0.18018018018018017,-1.97670218444374,0.106,0.02002002002002002,0.18068068068068022,0.172,0.08008008008008008,0.3003003003003003,-2.8549604012547705,-3.0221917933329996
2020-10-27,bb7,1.0,1.0,0.18018018018018017,-1.504204072729295,0.08,0.02002002002002002,0.18068068068068022,0.198,0.0795795795795796,0.3003003003003003,-2.906590350702903,-3.088038822886154
2020-10-28,bb7,1.0,1.0,0.18018018018018017,-1.750449904053725,0.092,0.02002002002002002,0.18068068068068022,0.168,0.08008008008008008,0.3003003003003003,-2.897223445467049,-3.0409529353507194
2020-10-29,bb7,0.99,1.0,0.18018018018018017,-0.540597635404265,0.118,0.02002002002002002,0.18068068068068022,0.206,0.08008008008008008,0.3003003003003003,-3.0416558415121,-3.2031088254375404
2020-10-30,bb7,1.0,1.0,0.18018018018018017,-0.5217956994099551,0.094,0.02002002002002002,0.18068068068068022,0.15,0.08008008008008008,0.3003003003003003,-2.939839751804451,-3.0824691293113
2020-11-02,bb7,1.0,1.0,0.18018018018018017,2.31360303938415,0.108,0.02002002002002002,0.20020020020020018,0.162,0.08008008008008008,0.3003003003003003,-2.894455296081479,-3.0299038153624354
2020-11-03,bb7,1.0,1.0,0.18018018018018017,1.7142832319311703,0.106,0.02002002002002002,0.20020020020020018,0.176,0.08008008008008008,0.3003003003003003,-2.9973063226012324,-3.1613382273622763
2020-11-04,bb7,1.0,1.0,0.18018018018018017,2.00261663964111,0.088,0.02002002002002002,0.18068068068068022,0.188,0.08008008008008008,0.3003003003003003,-3.1421259230314598,-3.3126732734512188
2020-11-05,bb7,0.994,1.0,0.18018018018018017,3.19492440115219,0.074,0.02002002002002002,0.18068068068068022,0.15,0.08008008008008008,0.3003003003003003,-3.156314503860462,-3.3138775654443022
2020-11-06,bb7,1.0,1.0,0.18018018018018017,0.52034664453416,0.078,0.02002002002002002,0.18068068068068022,0.17,0.08008008008008008,0.3003003003003003,-3.485796633005759,-3.669251928017717
2020-11-09,bb7,0.994,1.0,0.18018018018018017,1.12652853631569,0.092,0.02002002002002002,0.20020020020020018,0.176,0.08008008008008008,0.3003003003003003,-3.236664094130635,-3.412116852735228
2020-11-10,bb7,0.997,1.0,0.18018018018018017,0.6617214240037899,0.104,0.02002002002002002,0.20020020020020018,0.172,0.08008008008008008,0.3003003003003003,-3.083384654271806,-3.228336804243036
2020-11-11,bb7,0.997,1.0,0.18018018018018017,1.95748319004614,0.08,0.02002002002002002,0.20020020020020018,0.178,0.08008008008008008,0.3003003003003003,-3.706844685636778,-3.917767555502679
2020-11-12,bb7,1.0,1.0,0.18018018018018017,-1.817381984997105,0.112,0.02002002002002002,0.20020020020020018,0.188,0.08008008008008008,0.3003003003003003,-3.7959410855177405,-4.004508918209988
2020-11-13,bb7,0.999,0.999,0.18018018018018017,0.868540410445635,0.084,0.02002002002002002,0.20020020020020018,0.176,0.08008008008008008,0.3003003003003003,-3.73075684912486,-3.927403378771402
2020-11-14,bb7,0.999,0.998,0.18018018018018017,0.45327830327458,0.11,0.02002002002002002,0.20020020020020018,0.202,0.08008008008008008,0.3003003003003003,-3.622590499517143,-3.8354213367670638
2020-11-17,bb7,1.0,1.0,0.18018018018018017,1.8138098073833349,0.08,0.02002002002002002,0.20020020020020018,0.158,0.08008008008008008,0.3003003003003003,-3.290885620019844,-3.4606795049908725
2020-11-18,bb7,1.0,1.0,0.18018018018018017,1.8092928097050551,0.094,0.02002002002002002,0.20020020020020018,0.182,0.08008008008008008,0.3003003003003003,-3.354931820700951,-3.531005688208926
2020-11-19,bb7,1.0,1.0,0.18018018018018017,-3.1168139419202,0.098,0.02002002002002002,0.18068068068068022,0.176,0.0795795795795796,0.3003003003003003,-3.6110765130071942,-3.7932909594689836
2020-11-20,student,1.0,1.0,0.18018018018018017,0.92173823140885,0.144,0.02002002002002002,0.18068068068068022,0.216,0.08008008008008008,0.3003003003003003,-4.017274573401109,-4.242985341946798
2020-11-23,bb7,1.0,1.0,0.18018018018018017,0.7860508505860553,0.112,0.02002002002002002,0.20020020020020018,0.198,0.08008008008008008,0.3003003003003003,-3.894851134382521,-4.0947605526044395
2020-11-24,bb7,1.0,1.0,0.18018018018018017,1.076068105379605,0.106,0.02002002002002002,0.18018018018018017,0.196,0.08008008008008008,0.3003003003003003,-3.958135148399149,-4.151518637567669
2020-11-25,bb7,1.0,1.0,0.18018018018018017,-1.256341216224375,0.118,0.02002002002002002,0.18068068068068022,0.202,0.08008008008008008,0.3003003003003003,-3.6432494557692117,-3.8452013456554455
2020-11-26,bb7,1.0,1.0,0.18018018018018017,0.39167425522198995,0.1,0.02002002002002002,0.18018018018018017,0.176,0.08008008008008008,0.3003003003003003,-3.433574312414622,-3.6086340598501385
2020-11-27,bb7,1.0,1.0,0.18018018018018017,-0.8414786245969099,0.12,0.02002002002002002,0.18018018018018017,0.21,0.08008008008008008,0.3003003003003003,-3.421092374697028,-3.6405746604332276
2020-12-01,bb7,1.0,1.0,0.18018018018018017,2.463412872018485,0.118,0.02002002002002002,0.18018018018018017,0.19,0.08008008008008008,0.3003003003003003,-3.172975493734378,-3.35286347143272
2020-12-02,bb7,1.0,1.0,0.18018018018018017,-0.08837083973037,0.102,0.02002002002002002,0.18018018018018017,0.194,0.08008008008008008,0.3003003003003003,-3.4014605390871226,-3.5639332930318712
2020-12-03,bb7,1.0,1.0,0.18018018018018017,1.2208206468064349,0.084,0.02002002002002002,0.18018018018018017,0.152,0.08008008008008008,0.3003003003003003,-3.0494146090404666,-3.2385799826713293
2020-12-04,bb7,1.0,1.0,0.18018018018018017,1.74790000190562,0.09,0.02002002002002002,0.18018018018018017,0.176,0.08008008008008008,0.3003003003003003,-3.098117515961928,-3.2877384146589144
2020-12-07,bb7,1.0,1.0,0.18018018018018017,1.53277161812773,0.102,0.02002002002002002,0.18018018018018017,0.184,0.08008008008008008,0.3003003003003003,-3.1955555862409635,-3.373283985172563
2020-12-08,bb7,1.0,1.0,0.18018018018018017,0.8535870117440549,0.098,0.02002002002002002,0.18018018018018017,0.178,0.08008008008008008,0.3003003003003003,-3.1236564029335363,-3.2825219858191943
2020-12-09,bb7,1.0,1.0,0.18018018018018017,0.65253520493993,0.092,0.02002002002002002,0.18018018018018017,0.188,0.08008008008008008,0.3003003003003003,-3.030448587398375,-3.1928214323636497
2020-12-10,bb7,1.0,1.0,0.18018018018018017,-0.46614474967390507,0.1,0.02002002002002002,0.18018018018018017,0.186,0.08008008008008008,0.3003003003003003,-2.9488175297278536,-3.12542004181863
2020-12-11,bb7,1.0,1.0,0.18018018018018017,0.339855525594035,0.072,0.02002002002002002,0.18018018018018017,0.148,0.0795795795795796,0.3003003003003003,-2.6964139794786735,-2.8196711248195467
2020-12-14,bb7,1.0,1.0,0.18018018018018017,0.37814506249278,0.098,0.02002002002002002,0.18068068068068022,0.164,0.08008008008008008,0.3003003003003003,-2.6485370188412363,-2.7690149536112205
2020-12-15,student,1.0,1.0,0.18018018018018017,-1.080620334899235,0.132,0.02002002002002002,0.18068068068068022,0.21,0.08008008008008008,0.3003003003003003,-2.6077130456233384,-2.75524908215518
2020-12-16,bb7,1.0,1.0,0.18018018018018017,0.24694088623621,0.094,0.02002002002002002,0.18068068068068022,0.19,0.08008008008008008,0.3003003003003003,-2.487142695956013,-2.645643425528055
2020-12-17,bb7,1.0,1.0,0.18018018018018017,-0.59610652594612,0.096,0.02002002002002002,0.18068068068068022,0.152,0.08008008008008008,0.3003003003003003,-2.417895182726662,-2.5375146171571488
2020-12-18,bb7,1.0,1.0,0.18018018018018017,1.99830512350003,0.11,0.02002002002002002,0.18068068068068022,0.192,0.08008008008008008,0.3003003003003003,-2.392567825379915,-2.5247651029430616
2020-12-21,bb7,1.0,1.0,0.18018018018018017,-3.7126544472311744,0.098,0.02002002002002002,0.18068068068068022,0.18,0.08008008008008008,0.3003003003003003,-2.666447044656262,-2.8483570276058083
2020-12-22,bb7,0.998,0.998,0.18018018018018017,2.338805846944255,0.096,0.02002002002002002,0.18018018018018017,0.176,0.08008008008008008,0.3003003003003003,-3.5354952202205285,-3.6979533579400066
2020-12-23,bb7,0.998,0.997,0.18018018018018017,2.3824225814984255,0.09,0.02002002002002002,0.18018018018018017,0.164,0.08008008008008008,0.3003003003003003,-3.7986581242814723,-3.9816624195020616
2020-12-24,bb7,0.998,0.997,0.18018018018018017,0.043643398533050104,0.084,0.02002002002002002,0.18018018018018017,0.188,0.0795795795795796,0.3003003003003003,-3.701202582452271,-3.90391235679979
2020-12-28,bb7,0.998,0.997,0.18018018018018017,1.7122010875409799,0.09,0.02002002002002002,0.18018018018018017,0.18,0.0795795795795796,0.3003003003003003,-3.485344060431942,-3.6801934229549396
2020-12-29,bb7,0.998,0.997,0.18018018018018017,0.8896715781129401,0.076,0.02002002002002002,0.18018018018018017,0.17,0.0795795795795796,0.3003003003003003,-3.387110642571766,-3.5666392063594166
2020-12-30,bb7,0.998,0.998,0.18018018018018017,-0.32042086477389997,0.11,0.02002002002002002,0.18018018018018017,0.188,0.0795795795795796,0.3003003003003003,-3.320966230469667,-3.519579895338705
2020-12-31,bb7,1.0,1.0,0.18018018018018017,0.006282376058064976,0.088,0.02002002002002002,0.18018018018018017,0.16,0.0795795795795796,0.3003003003003003,-2.9462098046991203,-3.0761071855451627
2021-01-01,bb7,0.998,0.998,0.18018018018018017,0.9875549003089801,0.108,0.02002002002002002,0.18018018018018017,0.174,0.0795795795795796,0.3003003003003003,-2.9316750310299713,-3.083982360195647
2021-01-04,bb7,0.997,0.997,0.18018018018018017,1.385197407060725,0.08,0.02002002002002002,0.18018018018018017,0.152,0.08008008008008008,0.3003003003003003,-2.8948218377421573,-3.0398520115766896
2021-01-05,bb7,1.0,1.0,0.18018018018018017,0.339325086494115,0.064,0.02002002002002002,0.18018018018018017,0.148,0.08008008008008008,0.3003003003003003,-2.8529110960849575,-2.9749394351515313
2021-01-06,bb7,1.0,1.0,0.18018018018018017,0.128010252906265,0.084,0.02002002002002002,0.18068068068068022,0.166,0.08008008008008008,0.3003003003003003,-2.7357005724223122,-2.8801271845776903
2021-01-07,bb7,1.0,1.0,0.18018018018018017,-0.3214543759280601,0.088,0.02002002002002002,0.18068068068068022,0.178,0.08008008008008008,0.3003003003003003,-2.6711594133733545,-2.8384353567886436
2021-01-08,bb7,1.0,1.0,0.18018018018018017,1.6442996254437752,0.086,0.02002002002002002,0.18018018018018017,0.16,0.0795795795795796,0.3003003003003003,-2.5824149626269595,-2.7219446908675065
2021-01-11,bb7,0.997,0.997,0.18018018018018017,1.76918497669496,0.094,0.02002002002002002,0.18018018018018017,0.18,0.0795795795795796,0.3003003003003003,-3.045713270594919,-3.2114695532431314
2021-01-12,bb7,0.997,0.996,0.18018018018018017,1.5773695747624747,0.116,0.02002002002002002,0.18018018018018017,0.182,0.06006006006006006,0.3003003003003003,-3.5217488396222896,-3.706313150001707
2021-01-13,bb7,1.0,1.0,0.18018018018018017,2.9447755040377297,0.086,0.02002002002002002,0.18018018018018017,0.166,0.06006006006006006,0.3003003003003003,-3.1101914893174527,-3.2851959564198134
2021-01-14,bb7,1.0,1.0,0.18018018018018017,-0.530496764217045,0.064,0.02002002002002002,0.18018018018018017,0.138,0.06006006006006006,0.3003003003003003,-3.388217767283244,-3.542009214988409
2021-01-15,bb7,1.0,1.0,0.18018018018018017,-1.497318086319185,0.082,0.02002002002002002,0.18018018018018017,0.162,0.06006006006006006,0.3003003003003003,-3.091232389798081,-3.287389929955543
2021-01-18,bb7,1.0,1.0,0.18018018018018017,-2.809546364180065,0.108,0.02002002002002002,0.18018018018018017,0.202,0.06006006006006006,0.3003003003003003,-3.1692586706356143,-3.350114753956227
2021-01-19,bb7,1.0,1.0,0.18018018018018017,0.874774809175,0.084,0.02002002002002002,0.18018018018018017,0.162,0.0795795795795796,0.3003003003003003,-3.329315009830435,-3.5187269253802924
2021-01-20,bb7,1.0,1.0,0.18018018018018017,1.51549159600301,0.086,0.02002002002002002,0.18018018018018017,0.142,0.0795795795795796,0.3003003003003003,-3.166431328996146,-3.3436903437911676
2021-01-21,bb7,1.0,1.0,0.18018018018018017,-1.27966244977611,0.088,0.02002002002002002,0.18018018018018017,0.16,0.08008008008008008,0.3003003003003003,-3.0865078972722024,-3.2417457080971936
2021-01-22,bb7,1.0,1.0,0.18018018018018017,-1.8845523326093148,0.11,0.02002002002002002,0.18018018018018017,0.2,0.08008008008008008,0.3003003003003003,-3.258619224677406,-3.4409023937319585
2021-01-25,bb7,1.0,1.0,0.18018018018018017,-1.077831077861845,0.098,0.02002002002002002,0.18018018018018017,0.174,0.08008008008008008,0.3003003003003003,-3.4164271395451653,-3.612620530831017
2021-01-27,bb7,1.0,1.0,0.18018018018018017,-1.86997419407403,0.102,0.02002002002002002,0.18018018018018017,0.188,0.08008008008008008,0.3003003003003003,-3.2275389591444346,-3.4365156476357934
2021-01-28,bb7,0.993,0.994,0.18018018018018017,0.23846555623494492,0.086,0.02002002002002002,0.18018018018018017,0.176,0.08008008008008008,0.3003003003003003,-3.2907165233901616,-3.473288757273831
2021-01-29,bb7,0.994,0.994,0.18018018018018017,-1.52139389836833,0.112,0.02002002002002002,0.18018018018018017,0.216,0.08008008008008008,0.3003003003003003,-3.515011087612361,-3.771353308414127
2021-02-01,bb7,0.994,0.994,0.18018018018018017,5.702358526330015,0.114,0.02002002002002002,0.18018018018018017,0.182,0.08008008008008008,0.3003003003003003,-3.394053139987615,-3.60429337814287
2021-02-02,bb7,1.0,1.0,0.18018018018018017,3.8894947572342056,0.122,0.02002002002002002,0.18018018018018017,0.218,0.08008008008008008,0.3003003003003003,-4.673819567053639,-4.966727935823406
2021-02-03,bb7,0.994,0.994,0.18018018018018017,0.950255494678015,0.072,0.02002002002002002,0.18018018018018017,0.164,0.08008008008008008,0.3003003003003003,-5.069381647298665,-5.301049396967297
2021-02-04,bb7,1.0,1.0,0.18018018018018017,2.565139867816085,0.106,0.02002002002002002,0.18018018018018017,0.192,0.08008008008008008,0.3003003003003003,-4.425332513114126,-4.621817297516981
2021-02-05,bb7,0.992,0.993,0.18018018018018017,4.7990822153248045,0.1,0.02002002002002002,0.18018018018018017,0.194,0.08008008008008008,0.3003003003003003,-4.843945342589542,-5.067837959664721
2021-02-08,bb7,0.989,0.99,0.18018018018018017,1.721027019190415,0.084,0.02002002002002002,0.18018018018018017,0.166,0.08008008008008008,0.3003003003003003,-5.8111225913811575,-5.997872188534222
2021-02-09,bb7,0.984,0.986,0.18018018018018017,-0.207495984648125,0.096,0.02002002002002002,0.18018018018018017,0.18,0.08008008008008008,0.3003003003003003,-5.37336304405724,-5.576387073149803
2021-02-10,bb7,1.0,1.0,0.18018018018018017,-0.6718021961346949,0.088,0.02002002002002002,0.18018018018018017,0.184,0.08008008008008008,0.3003003003003003,-4.844435907112266,-5.055804036615433
2021-02-11,bb7,0.999,0.999,0.18018018018018017,-0.41710167203049997,0.088,0.02002002002002002,0.18018018018018017,0.174,0.08008008008008008,0.3003003003003003,-4.401761186725664,-4.584310668176013
2021-02-12,bb7,1.0,1.0,0.18018018018018017,1.0420028620758552,0.08,0.02002002002002002,0.18018018018018017,0.168,0.08008008008008008,0.3003003003003003,-4.072864246128255,-4.260857002693206
2021-02-15,bb7,0.99,0.991,0.18018018018018017,1.7192250022812998,0.106,0.02002002002002002,0.18018018018018017,0.188,0.08008008008008008,0.3003003003003003,-4.150534115581183,-4.355567227412086
2021-02-16,bb7,0.99,0.99,0.18018018018018017,-1.308791431544695,0.114,0.02002002002002002,0.18018018018018017,0.22,0.08008008008008008,0.3003003003003003,-3.983459317146576,-4.177493412067275
2021-02-17,bb7,1.0,1.0,0.18018018018018017,0.80085672956254,0.098,0.02002002002002002,0.18018018018018017,0.186,0.08008008008008008,0.3003003003003003,-3.625869595668365,-3.7990269676164488
2021-02-18,bb7,1.0,0.999,0.18018018018018017,0.85042250773204,0.094,0.02002002002002002,0.20020020020020018,0.168,0.08008008008008008,0.3003003003003003,-3.5324466821891187,-3.689204898153023
2021-02-19,bb7,1.0,1.0,0.18018018018018017,-1.96558160378863,0.09,0.02002002002002002,0.18018018018018017,0.188,0.08008008008008008,0.3003003003003003,-3.4374844615740265,-3.6162628788148314
2021-02-22,bb7,1.0,1.0,0.18018018018018017,-2.2947140120997798,0.104,0.02002002002002002,0.18018018018018017,0.182,0.08008008008008008,0.3003003003003003,-3.5579740850613537,-3.7047542064065917
2021-02-23,bb7,0.99,0.99,0.18018018018018017,0.8224153297014599,0.082,0.02002002002002002,0.18018018018018017,0.174,0.08008008008008008,0.3003003003003003,-3.6331646197861174,-3.7889666372276207
2021-02-24,bb7,0.99,0.992,0.18018018018018017,1.64117181499845,0.09,0.02002002002002002,0.18018018018018017,0.188,0.08008008008008008,0.3003003003003003,-3.5349208650433597,-3.720792911652042
2021-02-25,bb7,1.0,1.0,0.18018018018018017,0.132737560041295,0.098,0.02002002002002002,0.18018018018018017,0.182,0.08008008008008008,0.3003003003003003,-3.4077710074839924,-3.5868983502826
2021-02-26,bb7,1.0,1.0,0.18018018018018017,-2.9854611548491548,0.1,0.02002002002002002,0.18018018018018017,0.182,0.08008008008008008,0.3003003003003003,-3.161397871655165,-3.3434491599213714
2021-03-01,bb7,1.0,1.0,0.18018018018018017,1.1549882735291601,0.1,0.02002002002002002,0.18018018018018017,0.184,0.08008008008008008,0.3003003003003003,-3.5914688655074722,-3.7942410120491026
2021-03-02,bb7,1.0,1.0,0.18018018018018017,1.36335749872466,0.096,0.02002002002002002,0.18018018018018017,0.186,0.08008008008008008,0.3003003003003003,-3.4927657395259155,-3.6740822061175735
2021-03-03,bb7,1.0,1.0,0.18018018018018017,2.8323850716283347,0.098,0.02002002002002002,0.18018018018018017,0.172,0.08008008008008008,0.3203203203203203,-3.401865971486765,-3.5716476141242444
2021-03-04,bb7,0.994,0.997,0.18018018018018017,-1.66769257482469,0.112,0.02002002002002002,0.18018018018018017,0.226,0.08008008008008008,0.3203203203203203,-3.7011880768640166,-3.941853939905906
2021-03-05,bb7,0.994,0.994,0.18018018018018017,-2.05565146776085,0.094,0.02002002002002002,0.18018018018018017,0.172,0.08008008008008008,0.3203203203203203,-3.4426231783526746,-3.6354778930897984
2021-03-08,bb7,0.994,0.994,0.18018018018018017,1.48771629427971,0.084,0.02002002002002002,0.18018018018018017,0.182,0.08008008008008008,0.3203203203203203,-3.639742180653139,-3.831890827565438
2021-03-09,bb7,0.991,0.994,0.18018018018018017,0.10816240228845497,0.088,0.02002002002002002,0.18018018018018017,0.184,0.08008008008008008,0.3203203203203203,-3.4376836965521416,-3.6044204937782527
2021-03-10,bb7,0.99,0.991,0.18018018018018017,0.845732613093595,0.092,0.02002002002002002,0.18018018018018017,0.21,0.08008008008008008,0.3203203203203203,-3.2626417129532945,-3.463842770508385
2021-03-12,bb7,0.997,0.998,0.18018018018018017,-0.6142514900639251,0.126,0.02002002002002002,0.18018018018018017,0.224,0.08008008008008008,0.3203203203203203,-3.0815583849445356,-3.2751042108278754
2021-03-15,bb7,0.99,0.99,0.18018018018018017,0.320543032138265,0.118,0.02002002002002002,0.18068068068068022,0.194,0.08008008008008008,0.3203203203203203,-3.1090488815214274,-3.309757898771457
2021-03-16,bb7,0.994,0.994,0.18018018018018017,-0.32455851989943996,0.092,0.02002002002002002,0.18018018018018017,0.158,0.08008008008008008,0.3203203203203203,-2.8327325741887863,-2.982911600935554
2021-03-17,bb7,0.992,0.992,0.18018018018018017,-1.28461533570846,0.078,0.02002002002002002,0.18018018018018017,0.186,0.08008008008008008,0.3203203203203203,-2.7674831864769813,-2.921169998772487
2021-03-18,bb7,0.994,0.994,0.18018018018018017,-1.97481186562308,0.094,0.02002002002002002,0.18018018018018017,0.206,0.08008008008008008,0.3203203203203203,-3.0840594542719835,-3.271647833173447
2021-03-19,bb7,0.992,0.994,0.18018018018018017,0.82268317108425,0.1,0.02002002002002002,0.18018018018018017,0.182,0.08008008008008008,0.3203203203203203,-3.1968445661835694,-3.385623185599091
2021-03-22,bb7,0.991,0.994,0.18018018018018017,0.4082579012047949,0.094,0.02002002002002002,0.18018018018018017,0.198,0.08008008008008008,0.3203203203203203,-3.1197688901019736,-3.3290302822380218
2021-03-23,bb7,0.99,0.992,0.18018018018018017,0.797957146865005,0.084,0.02002002002002002,0.18018018018018017,0.202,0.08008008008008008,0.3203203203203203,-3.0833599581781224,-3.24998704444531
2021-03-24,bb7,0.997,0.998,0.18018018018018017,-2.40747870525596,0.092,0.02002002002002002,0.18018018018018017,0.198,0.08008008008008008,0.3203203203203203,-2.931076952452767,-3.117146895112405
2021-03-25,bb7,0.989,0.994,0.18018018018018017,-1.392630690400075,0.1,0.02002002002002002,0.18018018018018017,0.216,0.08008008008008008,0.3203203203203203,-3.219201101333761,-3.450218557762856
2021-03-26,bb7,0.99,0.995,0.18018018018018017,0.37060996280778497,0.098,0.02002002002002002,0.18018018018018017,0.204,0.08008008008008008,0.3203203203203203,-3.12509756058459,-3.337400482279104
2021-03-30,bb7,0.99,0.995,0.18018018018018017,2.305752490673745,0.112,0.02002002002002002,0.18018018018018017,0.22,0.08008008008008008,0.3203203203203203,-3.058052226641652,-3.3031194806332165
2021-03-31,bb7,0.99,0.995,0.18018018018018017,-0.14381789057726513,0.092,0.02002002002002002,0.18018018018018017,0.188,0.08008008008008008,0.3203203203203203,-3.142655687825967,-3.325609377962641
2021-04-01,bb7,0.991,0.995,0.18018018018018017,1.486935849790845,0.08,0.02002002002002002,0.18018018018018017,0.184,0.08008008008008008,0.3203203203203203,-2.8995551027916244,-3.0922619343683064
2021-04-05,bb7,0.99,0.995,0.18018018018018017,-1.4779589333089849,0.084,0.02002002002002002,0.18018018018018017,0.168,0.08008008008008008,0.3203203203203203,-2.8814868213657574,-3.0161245514406065
2021-04-06,bb7,0.991,0.995,0.18018018018018017,-0.38531147448683506,0.066,0.02002002002002002,0.18018018018018017,0.158,0.08008008008008008,0.3203203203203203,-3.4648347685846894,-3.628316291304138
2021-04-07,bb7,0.989,0.996,0.18018018018018017,1.80224538627807,0.102,0.02002002002002002,0.18018018018018017,0.202,0.08008008008008008,0.3203203203203203,-3.2535245343594537,-3.4528533636369128
2021-04-08,bb7,0.989,0.995,0.18018018018018017,-0.07684368094723498,0.084,0.02002002002002002,0.18018018018018017,0.182,0.08008008008008008,0.3203203203203203,-3.1986960963831943,-3.3629364379744024
2021-04-09,bb7,0.988,0.995,0.18018018018018017,-0.325266094662385,0.108,0.02002002002002002,0.18018018018018017,0.22,0.08008008008008008,0.3203203203203203,-3.188824720505668,-3.3612842594137464
2021-04-12,bb7,0.988,0.995,0.18018018018018017,-4.077024625841105,0.106,0.02002002002002002,0.18018018018018017,0.208,0.08008008008008008,0.3203203203203203,-3.050390872594532,-3.2184494987111822
2021-04-13,bb7,0.989,0.995,0.18018018018018017,0.8008568523789401,0.082,0.02002002002002002,0.20020020020020018,0.142,0.08008008008008008,0.3203203203203203,-4.046673547447959,-4.208276960487332
2021-04-15,bb7,0.997,0.998,0.18018018018018017,-1.0712607549652151,0.088,0.02002002002002002,0.18018018018018017,0.17,0.08008008008008008,0.3203203203203203,-4.004100357593911,-4.199041455716373
2021-04-16,bb7,0.988,0.995,0.18018018018018017,-0.668078455080835,0.106,0.02002002002002002,0.18018018018018017,0.192,0.08008008008008008,0.3203203203203203,-3.962775953281652,-4.174149393262546
2021-04-19,bb7,0.988,0.991,0.18018018018018017,-0.98004421180042,0.122,0.02002002002002002,0.18018018018018017,0.196,0.08008008008008008,0.3203203203203203,-3.7658514019930855,-3.974666402746973
2021-04-20,bb7,0.999,1.0,0.18018018018018017,-0.662427658671255,0.116,0.02002002002002002,0.18018018018018017,0.206,0.08008008008008008,0.3203203203203203,-3.781361483181724,-4.006612564605244
2021-04-22,bb7,0.999,1.0,0.18018018018018017,1.064113501049645,0.13,0.02002002002002002,0.18068068068068022,0.242,0.08008008008008008,0.3203203203203203,-3.5495197321557517,-3.787042908525529
2021-04-23,bb7,0.988,0.993,0.18018018018018017,-0.674057641674045,0.074,0.02002002002002002,0.18018018018018017,0.176,0.08008008008008008,0.3203203203203203,-3.4501209121066503,-3.6308334682175385
2021-04-26,bb7,0.995,0.997,0.18018018018018017,1.51735929099218,0.074,0.02002002002002002,0.18018018018018017,0.174,0.08008008008008008,0.3203203203203203,-3.254901575222394,-3.412404051007362
2021-04-27,bb7,0.995,0.996,0.18018018018018017,1.4386902165193,0.116,0.02002002002002002,0.18068068068068022,0.216,0.08008008008008008,0.3203203203203203,-3.304080644333643,-3.500739200628008
2021-04-28,bb7,0.995,0.995,0.18018018018018017,1.7220346257004449,0.078,0.02002002002002002,0.18018018018018017,0.164,0.08008008008008008,0.3203203203203203,-3.113279040199219,-3.2580276455076764
2021-04-29,bb7,0.995,0.996,0.18018018018018017,-0.5405048775682301,0.124,0.02002002002002002,0.18068068068068022,0.216,0.08008008008008008,0.3203203203203203,-3.3401824134317017,-3.527399659067131
2021-04-30,bb7,0.995,0.996,0.18018018018018017,-0.901409970239315,0.098,0.02002002002002002,0.18068068068068022,0.196,0.08008008008008008,0.3203203203203203,-3.1366923290636843,-3.3073339948547162
2021-05-03,bb7,0.995,0.997,0.18018018018018017,-0.496852694482995,0.116,0.02002002002002002,0.18068068068068022,0.214,0.08008008008008008,0.3203203203203203,-3.155369937664897,-3.3627292691802877
2021-05-04,bb7,0.997,0.998,0.18018018018018017,-0.7165203580414599,0.104,0.02002002002002002,0.20020020020020018,0.206,0.08008008008008008,0.3203203203203203,-2.8679145901670906,-3.0183347471950754
2021-05-05,bb7,0.994,0.996,0.18018018018018017,1.004729626631335,0.098,0.02002002002002002,0.18068068068068022,0.22,0.08008008008008008,0.3203203203203203,-2.9452002421978785,-3.142058975048623
2021-05-06,bb7,0.994,0.996,0.18018018018018017,0.76471077256763,0.108,0.02002002002002002,0.18068068068068022,0.21,0.08008008008008008,0.3203203203203203,-2.872352791468634,-3.061777374585874
2021-05-07,bb7,0.931,0.986,0.18018018018018017,0.044828899145210044,0.102,0.02002002002002002,0.20020020020020018,0.206,0.08008008008008008,0.3203203203203203,-2.7162887774050732,-2.8741570062523816
2021-05-10,bb7,0.932,0.987,0.18018018018018017,-0.003692675748690033,0.088,0.02002002002002002,0.20020020020020018,0.162,0.08008008008008008,0.3203203203203203,-2.5776856489348186,-2.7218759522724003
2021-05-11,bb7,0.951,0.994,0.18018018018018017,0.07281883748331996,0.082,0.02002002002002002,0.20020020020020018,0.184,0.08008008008008008,0.3203203203203203,-2.6479587388623433,-2.787187025000884
2021-05-12,bb7,0.994,0.996,0.18018018018018017,0.27912855503020007,0.106,0.02002002002002002,0.20020020020020018,0.188,0.08008008008008008,0.3203203203203203,-2.6037712913038358,-2.769355933586755
2021-05-14,bb7,0.994,0.995,0.18018018018018017,-1.396701721112685,0.1,0.02002002002002002,0.18018018018018017,0.196,0.08008008008008008,0.3203203203203203,-2.5661456035669556,-2.728499267818089
2021-05-17,bb7,0.921,0.985,0.18018018018018017,3.538488751903705,0.108,0.02002002002002002,0.20020020020020018,0.19,0.08008008008008008,0.3203203203203203,-2.646655054878244,-2.823881921519853
2021-05-18,bb7,0.996,0.998,0.18018018018018017,0.286030240818565,0.108,0.02002002002002002,0.20020020020020018,0.188,0.08008008008008008,0.3203203203203203,-3.332267965104376,-3.5197075389343477
2021-05-19,bb7,0.995,0.997,0.18018018018018017,0.16838171074590003,0.114,0.02002002002002002,0.20020020020020018,0.19,0.08008008008008008,0.3203203203203203,-3.1701501336743996,-3.352511072010492
2021-05-20,bb7,0.995,0.997,0.18018018018018017,0.10544475644281,0.104,0.02002002002002002,0.20020020020020018,0.212,0.10010010010010009,0.3203203203203203,-3.0693763453823784,-3.2664836680012694
2021-05-21,bb7,0.995,0.998,0.18018018018018017,2.6835805306986247,0.092,0.02002002002002002,0.20020020020020018,0.192,0.09959959959959962,0.3203203203203203,-2.8914897111002036,-3.0563596891429015
2021-05-24,bb7,0.994,0.996,0.18018018018018017,1.09556292387239,0.114,0.02002002002002002,0.20020020020020018,0.216,0.08008008008008008,0.3203203203203203,-3.217485734907643,-3.4000095885804202
2021-05-25,bb7,0.994,0.997,0.18018018018018017,0.536461203936005,0.098,0.02002002002002002,0.20020020020020018,0.206,0.08008008008008008,0.3203203203203203,-3.12476913778789,-3.2928013341023408
2021-05-26,bb7,0.995,0.998,0.18018018018018017,1.437573215407205,0.094,0.02002002002002002,0.20020020020020018,0.174,0.08008008008008008,0.3203203203203203,-2.9500656051090575,-3.087076967371838
2021-05-27,bb7,0.996,0.997,0.18018018018018017,1.56766021573443,0.116,0.02002002002002002,0.18068068068068022,0.226,0.08008008008008008,0.3203203203203203,-3.0701854919449403,-3.257514570890331
2021-05-28,bb7,0.995,0.996,0.18018018018018017,-0.272048590047885,0.086,0.02002002002002002,0.18068068068068022,0.19,0.08008008008008008,0.3203203203203203,-2.9624597539722695,-3.121322436366074
2021-05-31,bb7,0.995,0.997,0.18018018018018017,0.40465133440264,0.104,0.02002002002002002,0.18068068068068022,0.212,0.08008008008008008,0.3203203203203203,-3.0336492544545846,-3.2297090624963465
2021-06-01,bb7,0.995,0.998,0.18018018018018017,0.7214342322673,0.098,0.02002002002002002,0.18068068068068022,0.21,0.08008008008008008,0.3203203203203203,-2.811707245444226,-2.9919174333851317
2021-06-02,bb7,0.995,0.998,0.18018018018018017,0.23123431666680005,0.118,0.02002002002002002,0.18068068068068022,0.222,0.08008008008008008,0.3203203203203203,-2.7409703162592725,-2.8978976101726213
2021-06-03,bb7,0.994,0.998,0.18018018018018017,1.13055134606451,0.098,0.02002002002002002,0.18068068068068022,0.182,0.08008008008008008,0.3203203203203203,-2.735841931528147,-2.8935545572442543
2021-06-04,bb7,0.994,0.997,0.18018018018018017,-0.8369446593602401,0.106,0.02002002002002002,0.20020020020020018,0.226,0.08008008008008008,0.3203203203203203,-2.7751233918334477,-2.961775114118922
2021-06-07,bb7,0.994,0.997,0.18018018018018017,-0.011796962782435,0.102,0.02002002002002002,0.20020020020020018,0.204,0.08008008008008008,0.3203203203203203,-2.6884122052773995,-2.8532239234400567
2021-06-08,bb7,0.994,0.998,0.18018018018018017,0.24380506091533505,0.11,0.02002002002002002,0.20020020020020018,0.198,0.09959959959959962,0.3203203203203203,-2.6371922629731572,-2.7908126121057752
2021-06-09,bb7,0.994,0.998,0.18018018018018017,-0.5944760805350049,0.086,0.02002002002002002,0.20020020020020018,0.176,0.08008008008008008,0.3203203203203203,-2.56937389904392,-2.72154553677849
2021-06-10,bb7,1.0,1.0,0.18018018018018017,1.582096284037305,0.116,0.04004004004004004,0.20070070070070023,0.198,0.09959959959959962,0.3203203203203203,-2.571810925126371,-2.712910065296259
2021-06-11,bb7,0.999,1.0,0.18018018018018017,0.47966962563627,0.124,0.02002002002002002,0.20020020020020018,0.202,0.10010010010010009,0.3203203203203203,-2.612727154442305,-2.7575708188149575
2021-06-14,bb7,0.999,1.0,0.18018018018018017,0.59947963396967,0.106,0.02002002002002002,0.20020020020020018,0.216,0.09959959959959962,0.3203203203203203,-2.610675220798772,-2.7792233810941425
2021-06-15,bb7,0.937,0.996,0.18018018018018017,0.31331783071174,0.106,0.02002002002002002,0.20020020020020018,0.214,0.10010010010010009,0.3203203203203203,-2.574244656530127,-2.762370056705836
2021-06-16,bb7,0.935,0.995,0.18018018018018017,-0.18821977615538502,0.102,0.02002002002002002,0.20020020020020018,0.2,0.08008008008008008,0.3203203203203203,-2.507812197457427,-2.6831520375219204
2021-06-17,bb7,0.999,1.0,0.18018018018018017,-0.17964430578138008,0.088,0.02002002002002002,0.20020020020020018,0.194,0.08008008008008008,0.3203203203203203,-2.42731459252499,-2.5826807990139042
2021-06-18,bb7,0.944,0.997,0.18018018018018017,-0.6154198030432549,0.102,0.02002002002002002,0.20020020020020018,0.194,0.08008008008008008,0.3203203203203203,-2.533894920203452,-2.718724054794465
2021-06-21,bb7,0.946,0.997,0.18018018018018017,0.72281032876452,0.094,0.02002002002002002,0.20020020020020018,0.172,0.08008008008008008,0.3203203203203203,-2.4925105729718706,-2.6410297724232983
2021-06-22,bb7,1.0,1.0,0.18018018018018017,0.252246656695765,0.102,0.02002002002002002,0.20020020020020018,0.198,0.08008008008008008,0.3203203203203203,-2.4696489285815777,-2.6267260074118486
2021-06-23,bb7,0.999,1.0,0.18018018018018017,-0.26466892327328,0.076,0.02002002002002002,0.20020020020020018,0.196,0.08008008008008008,0.3203203203203203,-2.3744425540115914,-2.506576258060746
2021-06-24,bb7,0.999,1.0,0.18018018018018017,1.6331367623264899,0.106,0.02002002002002002,0.20020020020020018,0.188,0.08008008008008008,0.3203203203203203,-2.3596411708364546,-2.517313018495459
2021-06-25,bb7,0.996,1.0,0.18018018018018017,1.849947333555605,0.09,0.02002002002002002,0.18068068068068022,0.186,0.08008008008008008,0.3203203203203203,-2.6180703397299365,-2.7715458045005494
2021-06-28,bb7,0.995,1.0,0.18018018018018017,-0.315889557160615,0.096,0.02002002002002002,0.18068068068068022,0.21,0.08008008008008008,0.3203203203203203,-2.7216804025113346,-2.88538178134619
2021-06-29,bb7,0.999,1.0,0.18018018018018017,-0.89803986598343,0.112,0.02002002002002002,0.20020020020020018,0.184,0.09959959959959962,0.3203203203203203,-2.526543582210087,-2.700716409090659
2021-06-30,bb7,0.999,1.0,0.18018018018018017,0.29101294273195,0.112,0.02002002002002002,0.20020020020020018,0.188,0.10010010010010009,0.3203203203203203,-2.611253727040227,-2.7713267749558774
2021-07-01,bb7,0.999,1.0,0.18018018018018017,-0.506519620393305,0.078,0.02002002002002002,0.20020020020020018,0.2,0.10010010010010009,0.3203203203203203,-2.5467390569528603,-2.7154416551386222
2021-07-02,bb7,0.999,1.0,0.18018018018018017,0.710046602440865,0.124,0.02002002002002002,0.20020020020020018,0.226,0.10010010010010009,0.3203203203203203,-2.5232561611791233,-2.7110445569590826
2021-07-05,bb7,0.999,1.0,0.18018018018018017,1.3169697071215,0.1,0.02002002002002002,0.20020020020020018,0.186,0.10010010010010009,0.3203203203203203,-2.491401059924193,-2.659083346795841
2021-07-06,bb7,0.999,1.0,0.18018018018018017,-0.8695176371260249,0.1,0.02002002002002002,0.20020020020020018,0.19,0.10010010010010009,0.34034034034034033,-2.4560631138551754,-2.6486902325525072
2021-07-07,bb7,0.999,1.0,0.18018018018018017,0.43612863458425,0.098,0.02002002002002002,0.20020020020020018,0.172,0.10010010010010009,0.34034034034034033,-2.458093621518388,-2.6066630545992866
2021-07-08,bb7,0.999,1.0,0.18018018018018017,-1.1030388707389849,0.102,0.02002002002002002,0.20020020020020018,0.212,0.10010010010010009,0.34034034034034033,-2.5247369708472296,-2.7068020372351813
2021-07-09,student,0.999,1.0,0.18018018018018017,-0.013698725373390008,0.132,0.02002002002002002,0.20020020020020018,0.234,0.10010010010010009,0.34034034034034033,-2.647527587333892,-2.8522611188946985
2021-07-12,bb7,1.0,1.0,0.18018018018018017,-0.04912975094440997,0.118,0.02002002002002002,0.20020020020020018,0.198,0.10010010010010009,0.34034034034034033,-2.5032684669184886,-2.6467263760231288
2021-07-13,bb7,1.0,1.0,0.18018018018018017,0.09887695000017,0.098,0.02002002002002002,0.20020020020020018,0.22,0.09959959959959962,0.34034034034034033,-2.4427080675527777,-2.613559477101898
2021-07-14,bb7,0.995,0.998,0.18018018018018017,1.2501683274555297,0.088,0.02002002002002002,0.20020020020020018,0.162,0.08008008008008008,0.3203203203203203,-2.4135309623340535,-2.541789588546557
2021-07-15,bb7,0.999,1.0,0.18018018018018017,0.198852365430965,0.076,0.02002002002002002,0.20020020020020018,0.162,0.08008008008008008,0.3203203203203203,-2.3936498330565583,-2.5340349457617375
2021-07-16,bb7,0.996,0.998,0.18018018018018017,-1.0055980798439201,0.102,0.02002002002002002,0.20020020020020018,0.208,0.09959959959959962,0.3203203203203203,-2.4694476840598756,-2.6335543738657243
2021-07-19,bb7,1.0,1.0,0.18018018018018017,-0.6887481425197051,0.098,0.02002002002002002,0.20020020020020018,0.21,0.08008008008008008,0.3203203203203203,-2.4342120494395814,-2.6119237326046525
2021-07-20,bb7,1.0,1.0,0.18018018018018017,-0.5546270133897949,0.1,0.02002002002002002,0.20020020020020018,0.194,0.08008008008008008,0.3203203203203203,-2.4784626719802656,-2.642849022872605
2021-07-22,bb7,0.996,1.0,0.18018018018018017,1.4150490892396899,0.098,0.02002002002002002,0.20020020020020018,0.192,0.08008008008008008,0.3203203203203203,-2.6077625613794697,-2.7641666183010933
2021-07-23,bb7,0.995,0.998,0.18018018018018017,0.8128618042995199,0.116,0.02002002002002002,0.20020020020020018,0.228,0.08008008008008008,0.3203203203203203,-2.67828425601342,-2.862614008385056
2021-07-26,bb7,0.996,0.998,0.18018018018018017,-0.236075848625115,0.1,0.02002002002002002,0.20020020020020018,0.2,0.08008008008008008,0.3203203203203203,-2.5070073694144086,-2.654202766789479
2021-07-27,student,0.996,0.998,0.18018018018018017,0.73729074485895,0.124,0.02002002002002002,0.20020020020020018,0.234,0.08008008008008008,0.3203203203203203,-2.5867954229955474,-2.7476033684990666
2021-07-28,bb7,0.996,0.998,0.18018018018018017,-0.42512859134998493,0.102,0.02002002002002002,0.18068068068068022,0.198,0.08008008008008008,0.3203203203203203,-2.5142038636275874,-2.669470271872692
2021-07-29,bb7,0.995,0.999,0.18018018018018017,2.20506313984854,0.072,0.02002002002002002,0.20020020020020018,0.142,0.08008008008008008,0.3203203203203203,-2.4037557423246207,-2.5078589187884086
2021-07-30,bb7,1.0,1.0,0.18018018018018017,-1.317834199770175,0.096,0.02002002002002002,0.20020020020020018,0.192,0.09959959959959962,0.3203203203203203,-2.6568248723418537,-2.8133874934834115
2021-08-02,bb7,0.995,0.998,0.18018018018018017,1.0069815782535398,0.084,0.02002002002002002,0.20020020020020018,0.178,0.09959959959959962,0.3203203203203203,-2.7065403457275226,-2.8665887211311567
2021-08-03,bb7,0.995,0.998,0.18018018018018017,2.03572889227293,0.108,0.02002002002002002,0.20020020020020018,0.194,0.09959959959959962,0.32082082082082036,-2.750430175639179,-2.9073646304695795
2021-08-04,bb7,0.995,0.998,0.18018018018018017,0.9766693051854551,0.104,0.02002002002002002,0.20020020020020018,0.198,0.10010010010010009,0.34034034034034033,-2.80076911326991,-2.9929958050868097
2021-08-05,bb7,0.999,1.0,0.18018018018018017,-1.549982056284005,0.116,0.02002002002002002,0.20020020020020018,0.222,0.09959959959959962,0.3203203203203203,-2.7917388037549307,-2.9944316444905152
2021-08-06,bb7,0.99,0.997,0.18018018018018017,-0.807980102033005,0.098,0.02002002002002002,0.20020020020020018,0.208,0.09959959959959962,0.3203203203203203,-3.087042330556963,-3.259041439738785
2021-08-09,bb7,0.995,0.997,0.18018018018018017,0.13646446087991998,0.102,0.02002002002002002,0.20020020020020018,0.204,0.09959959959959962,0.3203203203203203,-2.9611856476370773,-3.1470659395019225
2021-08-10,bb7,0.995,0.997,0.18018018018018017,-0.39070795432211003,0.106,0.02002002002002002,0.20020020020020018,0.184,0.10010010010010009,0.3203203203203203,-2.9208867672386676,-3.079896548464275
2021-08-11,bb7,0.996,0.998,0.18018018018018017,0.19618831887342003,0.124,0.02002002002002002,0.20020020020020018,0.226,0.10010010010010009,0.3203203203203203,-2.9227687567034555,-3.0859007090525883
2021-08-12,bb7,0.996,0.998,0.18018018018018017,0.252635171272215,0.11,0.02002002002002002,0.20020020020020018,0.204,0.10010010010010009,0.3203203203203203,-2.7672681064371027,-2.9496221973911556
2021-08-13,bb7,0.996,0.998,0.18018018018018017,1.1362044711644952,0.078,0.02002002002002002,0.20020020020020018,0.186,0.10010010010010009,0.3203203203203203,-2.6695873723212635,-2.8316111126372268
2021-08-16,bb7,0.996,0.998,0.18018018018018017,-0.9700889252549749,0.098,0.02002002002002002,0.20020020020020018,0.194,0.10010010010010009,0.32082082082082036,-2.61440484437497,-2.7655990901730014
2021-08-17,bb7,0.997,0.999,0.18018018018018017,0.6851715319430349,0.102,0.02002002002002002,0.20020020020020018,0.21,0.10010010010010009,0.32082082082082036,-2.672492434750595,-2.831483704158388
2021-08-18,bb7,0.995,0.996,0.18018018018018017,-0.44994909348328005,0.126,0.02002002002002002,0.20020020020020018,0.212,0.10010010010010009,0.3203203203203203,-2.7136236384590644,-2.8738781100300286
2021-08-20,bb7,0.994,0.996,0.18018018018018017,-1.5876465061532699,0.108,0.02002002002002002,0.20020020020020018,0.194,0.10010010010010009,0.3203203203203203,-2.5967586939026743,-2.736221518669929
2021-08-23,bb7,0.994,0.997,0.18018018018018017,0.5101177447878801,0.112,0.02002002002002002,0.20020020020020018,0.202,0.10010010010010009,0.3203203203203203,-2.84619746552181,-3.018945312889259
2021-08-24,bb7,0.994,0.996,0.18018018018018017,0.461962286972205,0.088,0.02002002002002002,0.20020020020020018,0.168,0.10010010010010009,0.3203203203203203,-2.650696236083613,-2.770690213226159
2021-08-25,bb7,0.996,0.998,0.18018018018018017,0.26339458532663995,0.1,0.02002002002002002,0.20020020020020018,0.2,0.09959959959959962,0.3203203203203203,-2.7023139613804235,-2.8854129426569206
2021-08-26,student,0.996,0.998,0.18018018018018017,-0.8917258758854951,0.14,0.02002002002002002,0.20020020020020018,0.236,0.10010010010010009,0.3203203203203203,-2.798563382509885,-2.9894437893391768
2021-08-27,student,0.994,0.996,0.18018018018018017,-0.3434688546691249,0.142,0.02002002002002002,0.20020020020020018,0.236,0.10010010010010009,0.3203203203203203,-2.740796819930846,-2.939658510031023
2021-08-30,bb7,0.997,0.999,0.18018018018018017,0.9118433119759799,0.112,0.02002002002002002,0.20020020020020018,0.208,0.10010010010010009,0.3203203203203203,-2.615861992998936,-2.784211447381299
2021-08-31,bb7,1.0,1.0,0.18018018018018017,0.641428289054645,0.126,0.02002002002002002,0.20020020020020018,0.226,0.08008008008008008,0.3203203203203203,-2.6494261260165786,-2.81916931902732
2021-09-01,bb7,0.999,1.0,0.18018018018018017,-0.398285328945035,0.12,0.02002002002002002,0.20020020020020018,0.188,0.06006006006006006,0.2802802802802803,-2.5053534708766203,-2.6591072127582
2021-09-02,bb7,0.999,1.0,0.18018018018018017,0.31967597085314997,0.094,0.02002002002002002,0.20020020020020018,0.166,0.06006006006006006,0.2802802802802803,-2.4934945139322946,-2.6496325738242947
2021-09-03,bb7,1.0,1.0,0.18018018018018017,0.532333284278005,0.102,0.02002002002002002,0.20020020020020018,0.168,0.06006006006006006,0.2802802802802803,-2.4907470613879057,-2.628354775822459
2021-09-06,bb7,1.0,1.0,0.18018018018018017,0.8265089412746549,0.112,0.02002002002002002,0.20020020020020018,0.164,0.06006006006006006,0.2802802802802803,-2.4787524223705018,-2.6275022484723745
2021-09-07,bb7,1.0,1.0,0.18018018018018017,-0.917706181676235,0.096,0.02002002002002002,0.20020020020020018,0.152,0.06006006006006006,0.2802802802802803,-2.429708881172248,-2.575571566803352
2021-09-08,bb7,1.0,1.0,0.18018018018018017,-0.13263746283264505,0.118,0.02002002002002002,0.20020020020020018,0.154,0.06006006006006006,0.2802802802802803,-2.4119166548187296,-2.5685439737221056
2021-09-09,bb7,1.0,1.0,0.18018018018018017,0.061240556275145006,0.09,0.02002002002002002,0.20020020020020018,0.164,0.06006006006006006,0.2802802802802803,-2.357971955219691,-2.5037047213086656
2021-09-13,bb7,1.0,1.0,0.18018018018018017,0.07244673377624,0.12,0.02002002002002002,0.20020020020020018,0.206,0.08008008008008008,0.3203203203203203,-2.449174809201764,-2.578140117656013
2021-09-14,bb7,1.0,1.0,0.18018018018018017,-0.152889889526785,0.122,0.02002002002002002,0.20020020020020018,0.196,0.08008008008008008,0.3203203203203203,-2.321425429793661,-2.48926924817678
2021-09-15,bb7,0.998,1.0,0.18018018018018017,1.9820961505655599,0.092,0.02002002002002002,0.20020020020020018,0.186,0.08008008008008008,0.3203203203203203,-2.282950966912098,-2.419215856693936
2021-09-16,bb7,0.999,1.0,0.18018018018018017,1.9180608060082247,0.098,0.02002002002002002,0.20020020020020018,0.202,0.08008008008008008,0.3203203203203203,-2.4133558095198313,-2.5717896096310406
2021-09-17,bb7,1.0,1.0,0.18018018018018017,-1.3686922161844701,0.088,0.02002002002002002,0.20020020020020018,0.164,0.08008008008008008,0.3203203203203203,-2.580549098747161,-2.722641256836512
2021-09-20,bb7,1.0,1.0,0.18018018018018017,-1.9698456184777302,0.114,0.02002002002002002,0.20020020020020018,0.206,0.08008008008008008,0.3203203203203203,-2.70018580815941,-2.8863741873442432
2021-09-21,bb7,0.998,1.0,0.18018018018018017,1.05242568726129,0.104,0.02002002002002002,0.20020020020020018,0.21,0.09959959959959962,0.3203203203203203,-3.1462760390045177,-3.333979877329907
2021-09-22,bb7,0.988,0.994,0.18018018018018017,-0.03942683206183,0.108,0.02002002002002002,0.20020020020020018,0.216,0.10010010010010009,0.3203203203203203,-3.102080350982593,-3.2920751152439154
2021-09-23,bb7,1.0,1.0,0.18018018018018017,1.973726319635575,0.114,0.02002002002002002,0.20020020020020018,0.174,0.06006006006006006,0.2802802802802803,-2.735146417570851,-2.884114894512966
2021-09-24,bb7,0.994,1.0,0.18018018018018017,-0.4087923113369699,0.086,0.02002002002002002,0.20020020020020018,0.158,0.06006006006006006,0.2802802802802803,-2.8488206483756877,-3.0103066796840725
2021-09-27,bb7,0.989,1.0,0.18018018018018017,-0.5660336068256151,0.124,0.02002002002002002,0.20020020020020018,0.198,0.10010010010010009,0.34034034034034033,-2.987568725563358,-3.177196086048473
2021-09-28,bb7,0.989,1.0,0.18018018018018017,-1.1897677771299051,0.102,0.02002002002002002,0.20020020020020018,0.206,0.10010010010010009,0.34034034034034033,-2.925376471915075,-3.1023357831216845
2021-09-29,bb7,0.952,0.996,0.18018018018018017,1.821242743673225,0.104,0.02002002002002002,0.20020020020020018,0.182,0.08008008008008008,0.3203203203203203,-2.812642215188016,-2.9957832607714834
2021-09-30,bb7,0.902,0.977,0.18018018018018017,-1.273042503716205,0.07,0.02002002002002002,0.20020020020020018,0.168,0.09959959959959962,0.3203203203203203,-3.092279372598611,-3.2696598851760355
2021-10-01,bb7,0.95,0.996,0.18018018018018017,-0.450097093170505,0.118,0.02002002002002002,0.20020020020020018,0.218,0.08008008008008008,0.3203203203203203,-2.9682421661761804,-3.186646142736788
2021-10-04,bb7,0.938,0.994,0.18018018018018017,1.66388712827917,0.076,0.02002002002002002,0.20020020020020018,0.146,0.08008008008008008,0.3203203203203203,-2.7497792977779265,-2.9199293004844207
2021-10-05,bb7,0.988,1.0,0.18018018018018017,0.583785482827395,0.102,0.02002002002002002,0.20020020020020018,0.188,0.08008008008008008,0.3203203203203203,-2.80274374798487,-2.9663288674566193
2021-10-06,bb7,0.989,1.0,0.18018018018018017,-1.3854097425677852,0.08,0.02002002002002002,0.20020020020020018,0.176,0.08008008008008008,0.3203203203203203,-2.7023300288979466,-2.856414068341404
2021-10-07,bb7,0.981,1.0,0.18018018018018017,0.59514806565242,0.104,0.02002002002002002,0.20020020020020018,0.184,0.09959959959959962,0.3203203203203203,-2.765947637938536,-2.919112278255762
2021-10-08,bb7,0.98,1.0,0.18018018018018017,0.9729158162242151,0.072,0.02002002002002002,0.20020020020020018,0.15,0.08008008008008008,0.3203203203203203,-2.6397562486394865,-2.793178904740049
2021-10-11,bb7,0.981,1.0,0.18018018018018017,0.24984884987393996,0.1,0.02002002002002002,0.20020020020020018,0.19,0.08008008008008008,0.3203203203203203,-2.632050077166615,-2.7916144075102847
2021-10-12,bb7,0.951,0.994,0.18018018018018017,1.27225203661264,0.098,0.02002002002002002,0.20020020020020018,0.192,0.08008008008008008,0.3203203203203203,-2.8102759267205073,-2.967788174021589
2021-10-13,bb7,0.943,0.989,0.18018018018018017,0.57378672058322,0.098,0.02002002002002002,0.18068068068068022,0.194,0.09959959959959962,0.3203203203203203,-2.8624975163023545,-3.0298645761520713
2021-10-14,bb7,0.95,0.99,0.18018018018018017,1.106627140784525,0.106,0.02002002002002002,0.18068068068068022,0.196,0.08008008008008008,0.3203203203203203,-2.866196114432274,-3.0463400483945997
2021-10-18,bb7,0.953,0.994,0.18018018018018017,2.9218042458382394,0.104,0.02002002002002002,0.18068068068068022,0.192,0.08008008008008008,0.3203203203203203,-2.613841938363163,-2.757636963748418
2021-10-19,bb7,0.999,1.0,0.18018018018018017,-0.15866458411844508,0.09,0.02002002002002002,0.18068068068068022,0.182,0.08008008008008008,0.3203203203203203,-2.8429263543140477,-3.0024409395514122
2021-10-20,bb7,0.936,0.992,0.18018018018018017,0.6378534751740249,0.118,0.02002002002002002,0.18068068068068022,0.214,0.08008008008008008,0.3203203203203203,-2.9165034715962777,-3.110791921196524
2021-10-21,bb7,0.933,0.99,0.18018018018018017,-1.0654585312753249,0.108,0.02002002002002002,0.18018018018018017,0.186,0.08008008008008008,0.3203203203203203,-2.7991260661242063,-2.986321346864658
2021-10-22,bb7,0.936,0.99,0.18018018018018017,-0.974566009634905,0.078,0.02002002002002002,0.18018018018018017,0.16,0.08008008008008008,0.3203203203203203,-2.824894466371735,-2.989663886143293
2021-10-25,bb7,0.994,0.996,0.20020020020020018,-0.00575090852035498,0.106,0.02002002002002002,0.18018018018018017,0.208,0.08008008008008008,0.3203203203203203,-3.0686880304701982,-3.3016697729673377
2021-10-26,bb7,0.994,0.997,0.20020020020020018,0.92199720131578,0.106,0.02002002002002002,0.18018018018018017,0.188,0.08008008008008008,0.3203203203203203,-3.0948698760027114,-3.2553584837880276
2021-10-27,bb7,0.994,0.998,0.20020020020020018,1.3753330853088301,0.096,0.02002002002002002,0.18018018018018017,0.198,0.08008008008008008,0.3203203203203203,-2.888845015060732,-3.0679067290679947
2021-10-28,bb7,0.994,0.997,0.20020020020020018,-2.47414596111968,0.114,0.02002002002002002,0.18018018018018017,0.202,0.08008008008008008,0.3203203203203203,-2.876002597160345,-3.066463708636196
2021-10-29,bb7,0.995,0.997,0.20020020020020018,-0.9925002438998449,0.09,0.02002002002002002,0.18018018018018017,0.182,0.08008008008008008,0.3203203203203203,-3.069389567805535,-3.25042369740131
2021-11-01,bb7,0.999,1.0,0.18018018018018017,2.290432255575605,0.098,0.02002002002002002,0.18018018018018017,0.212,0.08008008008008008,0.3203203203203203,-3.033898667313907,-3.2382734088029776
2021-11-02,bb7,0.952,0.996,0.18018018018018017,0.515099189542465,0.096,0.02002002002002002,0.18018018018018017,0.172,0.08008008008008008,0.3203203203203203,-3.166763875722776,-3.337415426638654
2021-11-03,bb7,0.954,0.996,0.18018018018018017,0.702310332890495,0.106,0.02002002002002002,0.18018018018018017,0.186,0.08008008008008008,0.3203203203203203,-2.861322529863581,-3.0431944619764675
2021-11-04,bb7,1.0,1.0,0.18018018018018017,0.44637403676439,0.104,0.02002002002002002,0.18018018018018017,0.19,0.08008008008008008,0.3203203203203203,-2.8176955888054844,-2.991792057554176
2021-11-08,bb7,0.99,0.994,0.18018018018018017,0.15240609306472996,0.08,0.02002002002002002,0.18018018018018017,0.144,0.08008008008008008,0.3203203203203203,-2.73538412387793,-2.879760511067634
2021-11-09,bb7,0.952,0.994,0.18018018018018017,0.704305986807525,0.11,0.02002002002002002,0.18018018018018017,0.214,0.08008008008008008,0.3203203203203203,-2.7770080661579346,-2.984180916891538
2021-11-10,bb7,1.0,1.0,0.18018018018018017,-0.5183355725502551,0.116,0.02002002002002002,0.18018018018018017,0.208,0.08008008008008008,0.3203203203203203,-2.637469522422346,-2.796144933562108
2021-11-11,bb7,1.0,1.0,0.18018018018018017,-1.628638944886575,0.096,0.02002002002002002,0.18018018018018017,0.202,0.08008008008008008,0.3203203203203203,-2.6187456629651624,-2.79212195664957
2021-11-12,bb7,0.998,1.0,0.18018018018018017,1.506337888854045,0.096,0.02002002002002002,0.18018018018018017,0.184,0.08008008008008008,0.3203203203203203,-2.7221335368192396,-2.875622722537306
2021-11-15,bb7,0.996,0.996,0.18018018018018017,-0.27674182512942,0.108,0.02002002002002002,0.18018018018018017,0.18,0.08008008008008008,0.3003003003003003,-2.6866828676476353,-2.8171220854195895
2021-11-16,bb7,0.998,0.999,0.18018018018018017,-0.9992863630922351,0.104,0.02002002002002002,0.18018018018018017,0.196,0.08008008008008008,0.3203203203203203,-2.6220178076447844,-2.796695580528043
2021-11-17,bb7,0.996,0.996,0.18018018018018017,0.17159132960550497,0.09,0.02002002002002002,0.18018018018018017,0.174,0.08008008008008008,0.3003003003003003,-2.6545632733109277,-2.809864824988428
2021-11-18,bb7,1.0,1.0,0.18018018018018017,0.338219293703465,0.114,0.02002002002002002,0.18018018018018017,0.21,0.08008008008008008,0.3003003003003003,-2.667173683282359,-2.847770937712962
2021-11-22,bb7,1.0,1.0,0.18018018018018017,-2.32258086295682,0.1,0.02002002002002002,0.18018018018018017,0.208,0.08008008008008008,0.3003003003003003,-2.576486293015389,-2.7248267481805817
2021-11-23,bb7,0.998,0.999,0.18018018018018017,0.03542058206948495,0.11,0.02002002002002002,0.18018018018018017,0.184,0.08008008008008008,0.3203203203203203,-2.8017941528513286,-2.966300434508647
2021-11-24,bb7,0.997,0.999,0.18018018018018017,-1.181335430637105,0.088,0.02002002002002002,0.18018018018018017,0.16,0.08008008008008008,0.3003003003003003,-2.7635801024128193,-2.9069194284052275
2021-11-25,bb7,0.997,0.999,0.18018018018018017,0.50800647205382,0.074,0.02002002002002002,0.18018018018018017,0.156,0.08008008008008008,0.3003003003003003,-2.849569537445605,-3.0183535124975323
2021-11-26,bb7,0.99,0.991,0.18018018018018017,-2.9872724913736746,0.102,0.02002002002002002,0.18018018018018017,0.158,0.06006006006006006,0.2802802802802803,-2.914144639557153,-3.0893001060200396
2021-11-29,bb7,0.995,0.997,0.18018018018018017,-0.43845856263403005,0.098,0.02002002002002002,0.18018018018018017,0.166,0.06006006006006006,0.2802802802802803,-3.146186706631224,-3.3425836460438227
2021-11-30,bb7,0.99,0.991,0.18018018018018017,-0.013395652933665014,0.112,0.02002002002002002,0.18018018018018017,0.208,0.06006006006006006,0.2802802802802803,-3.1953944758591306,-3.3883721307484005
2021-12-01,bb7,0.985,0.989,0.18018018018018017,1.64187418337228,0.096,0.02002002002002002,0.18018018018018017,0.156,0.06006006006006006,0.2802802802802803,-2.9963232684049244,-3.182382907294829
2021-12-02,bb7,0.99,0.993,0.18018018018018017,1.141547326874095,0.092,0.02002002002002002,0.18018018018018017,0.168,0.06006006006006006,0.2802802802802803,-3.0056929362600266,-3.1839075696349397
2021-12-03,bb7,0.999,1.0,0.18018018018018017,-0.76974563128629,0.108,0.02002002002002002,0.20020020020020018,0.154,0.06006006006006006,0.2802802802802803,-2.91477719329773,-3.0631669646855992
2021-12-06,bb7,0.949,0.99,0.18018018018018017,-2.00973465784778,0.086,0.02002002002002002,0.18018018018018017,0.16,0.06006006006006006,0.2802802802802803,-2.8151872150686676,-2.982839780791356
2021-12-07,bb7,0.998,1.0,0.18018018018018017,1.690150237970815,0.066,0.02002002002002002,0.18018018018018017,0.116,0.06006006006006006,0.2802802802802803,-2.84385167735382,-3.0006630956805327
2021-12-08,bb7,0.99,1.0,0.18018018018018017,2.737328760692805,0.122,0.02002002002002002,0.18018018018018017,0.176,0.06006006006006006,0.2802802802802803,-3.0684772690515527,-3.27161953804917
2021-12-09,bb7,0.999,0.999,0.18018018018018017,-0.008659658522495006,0.074,0.02002002002002002,0.18018018018018017,0.13,0.06006006006006006,0.2802802802802803,-2.9782124500363563,-3.147830368476029
2021-12-10,bb7,0.999,0.999,0.18018018018018017,0.4960267417900351,0.1,0.02002002002002002,0.20020020020020018,0.142,0.06006006006006006,0.2802802802802803,-2.9517880195494586,-3.1181291937267805
2021-12-13,bb7,0.999,0.999,0.18018018018018017,-1.11898680112024,0.11,0.02002002002002002,0.18018018018018017,0.178,0.06006006006006006,0.2802802802802803,-2.83357528650134,-3.016436775206538
2021-12-14,bb7,0.99,1.0,0.18018018018018017,0.29129982009926003,0.102,0.02002002002002002,0.20020020020020018,0.168,0.06006006006006006,0.2802802802802803,-2.7596117527344175,-2.929944746947221
2021-12-15,bb7,0.999,1.0,0.18018018018018017,-0.900135756240015,0.098,0.02002002002002002,0.18018018018018017,0.15,0.06006006006006006,0.2802802802802803,-2.698182832048158,-2.851258193153178
2021-12-16,bb7,0.999,1.0,0.18018018018018017,0.6889739030789499,0.1,0.02002002002002002,0.18018018018018017,0.172,0.06006006006006006,0.2802802802802803,-2.785005063378182,-2.9847675980407464
2021-12-17,bb7,0.999,1.0,0.18018018018018017,-0.03589461361044499,0.094,0.02002002002002002,0.18018018018018017,0.146,0.06006006006006006,0.2802802802802803,-2.6797645807889605,-2.8468251110887413
2021-12-20,bb7,0.999,0.999,0.18018018018018017,-2.635035341832145,0.092,0.02002002002002002,0.18018018018018017,0.13,0.06006006006006006,0.2802802802802803,-2.879982468572056,-3.0502771088001235
2021-12-21,bb7,0.999,1.0,0.18018018018018017,-0.005709180829670035,0.104,0.02002002002002002,0.20020020020020018,0.158,0.06006006006006006,0.2802802802802803,-3.0789514599764387,-3.2576416287717
2021-12-22,bb7,0.99,1.0,0.18018018018018017,1.45249617916281,0.092,0.02002002002002002,0.18018018018018017,0.14,0.06006006006006006,0.2802802802802803,-2.9609250569811407,-3.116284534840032
2021-12-23,bb7,0.99,1.0,0.18018018018018017,1.5418915818955647,0.096,0.02002002002002002,0.18018018018018017,0.168,0.06006006006006006,0.2802802802802803,-2.9751913061720896,-3.150573411096808
2021-12-24,bb7,0.999,1.0,0.18018018018018017,-0.369337085868355,0.092,0.02002002002002002,0.18018018018018017,0.15,0.06006006006006006,0.2802802802802803,-2.9267764104582703,-3.102593097105965
2021-12-27,bb7,0.997,1.0,0.18018018018018017,0.191272855134425,0.098,0.02002002002002002,0.18018018018018017,0.158,0.06006006006006006,0.2802802802802803,-2.8669063590086603,-3.041724169871413
2021-12-28,bb7,0.997,1.0,0.18018018018018017,0.92470157570651,0.11,0.02002002002002002,0.18018018018018017,0.18,0.06006006006006006,0.2802802802802803,-2.758922257446357,-2.9307568377882105
2021-12-29,bb7,0.999,1.0,0.18018018018018017,-0.807622697891875,0.104,0.02002002002002002,0.20020020020020018,0.158,0.06006006006006006,0.2802802802802803,-2.764016545631633,-2.9315300221895804
2021-12-30,bb7,0.999,1.0,0.18018018018018017,-0.10477842532809503,0.116,0.02002002002002002,0.20020020020020018,0.164,0.06006006006006006,0.2802802802802803,-2.682256437290195,-2.8229395969954405
2021-12-31,bb7,0.999,1.0,0.18018018018018017,0.8244054088530799,0.086,0.02002002002002002,0.20020020020020018,0.14,0.06006006006006006,0.2802802802802803,-2.5357700009049307,-2.6782964947736354
2022-01-03,bb7,0.999,1.0,0.18018018018018017,1.394055255028845,0.112,0.02002002002002002,0.18018018018018017,0.178,0.06006006006006006,0.2802802802802803,-2.584560093311278,-2.7436972851360233
2022-01-04,bb7,0.998,1.0,0.18018018018018017,1.3493284470209148,0.116,0.02002002002002002,0.18068068068068022,0.178,0.06006006006006006,0.2802802802802803,-2.6404916741148914,-2.799961817501182
2022-01-05,bb7,0.99,1.0,0.18018018018018017,-0.5438410341060149,0.08,0.02002002002002002,0.18068068068068022,0.174,0.06006006006006006,0.2802802802802803,-2.6240759774901043,-2.7714150963292385
2022-01-06,bb7,0.997,1.0,0.18018018018018017,-0.804244924662245,0.112,0.02002002002002002,0.18018018018018017,0.18,0.06006006006006006,0.2802802802802803,-2.8126623541262887,-2.9864542902091715
2022-01-07,bb7,0.999,1.0,0.18018018018018017,-0.142153488677845,0.096,0.02002002002002002,0.18068068068068022,0.162,0.06006006006006006,0.2802802802802803,-2.820389781159233,-2.9924703182964185
2022-01-10,bb7,0.999,0.999,0.18018018018018017,2.2409790577674897,0.096,0.02002002002002002,0.18068068068068022,0.136,0.06006006006006006,0.2802802802802803,-2.7750396623420777,-2.9504157856015465
2022-01-11,bb7,0.999,1.0,0.18018018018018017,0.358675487121055,0.092,0.02002002002002002,0.20020020020020018,0.148,0.06006006006006006,0.2802802802802803,-2.8722844157836773,-3.0527507918878576
2022-01-12,bb7,0.998,0.999,0.18018018018018017,1.00846377347382,0.088,0.02002002002002002,0.20020020020020018,0.154,0.06006006006006006,0.2802802802802803,-2.6198049394799643,-2.769785868983774
2022-01-13,bb7,0.998,0.999,0.18018018018018017,0.62037209344191,0.122,0.02002002002002002,0.20020020020020018,0.174,0.06006006006006006,0.2802802802802803,-2.6627222285810586,-2.8226479004603875
2022-01-14,bb7,0.997,1.0,0.18018018018018017,0.55653150325773,0.118,0.02002002002002002,0.20020020020020018,0.168,0.06006006006006006,0.2802802802802803,-2.599065378545663,-2.769603154580016
2022-01-17,bb7,0.999,1.0,0.18018018018018017,0.81501253213519,0.088,0.02002002002002002,0.18068068068068022,0.152,0.06006006006006006,0.2802802802802803,-2.5460971041584664,-2.68860224456733
2022-01-18,bb7,0.999,1.0,0.18018018018018017,-1.19107349856578,0.086,0.02002002002002002,0.18068068068068022,0.148,0.06006006006006006,0.2802802802802803,-2.4899644723284586,-2.62916555466688
2022-01-19,bb7,0.999,1.0,0.18018018018018017,-0.5376606328417349,0.11,0.02002002002002002,0.18068068068068022,0.17,0.06006006006006006,0.2802802802802803,-2.56539361338669,-2.737762650780378
2022-01-20,bb7,1.0,1.0,0.18018018018018017,-1.6029701544705701,0.102,0.02002002002002002,0.18068068068068022,0.16,0.06006006006006006,0.2802802802802803,-2.77232926595693,-2.9448479452035268
2022-01-21,bb7,1.0,1.0,0.18018018018018017,-1.9107656760180198,0.11,0.02002002002002002,0.18018018018018017,0.164,0.06006006006006006,0.2802802802802803,-2.9163484562428823,-3.088253441350396
2022-01-24,bb7,0.999,1.0,0.18018018018018017,-2.246033687428215,0.114,0.02002002002002002,0.18068068068068022,0.18,0.06006006006006006,0.2802802802802803,-3.081835444081672,-3.244980414962944
2022-01-25,bb7,0.999,1.0,0.18018018018018017,1.60886521253078,0.088,0.02002002002002002,0.18068068068068022,0.166,0.06006006006006006,0.2802802802802803,-3.15123969156883,-3.333578537769554
2022-01-27,bb7,0.995,1.0,0.18018018018018017,0.0896596385796351,0.08,0.02002002002002002,0.20020020020020018,0.144,0.06006006006006006,0.2802802802802803,-3.2555764120572657,-3.409660645032733
2022-01-28,bb7,0.999,1.0,0.18018018018018017,-0.2967516377566549,0.122,0.02002002002002002,0.18018018018018017,0.178,0.06006006006006006,0.2802802802802803,-3.407659175490418,-3.649701008057486
2022-01-31,bb7,0.999,1.0,0.18018018018018017,2.85979152508181,0.1,0.02002002002002002,0.18018018018018017,0.168,0.06006006006006006,0.2802802802802803,-3.2974755040329744,-3.501615347897536
2022-02-01,bb7,0.999,1.0,0.18018018018018017,0.46147596744224006,0.116,0.02002002002002002,0.18068068068068022,0.158,0.06006006006006006,0.2802802802802803,-3.3593085414242907,-3.556074332813669
2022-02-02,bb7,0.998,1.0,0.18018018018018017,1.12242761580787,0.096,0.02002002002002002,0.18018018018018017,0.168,0.06006006006006006,0.2802802802802803,-3.2377660270936293,-3.428816999891785
2022-02-03,student,0.998,1.0,0.18018018018018017,-1.349353573747155,0.144,0.02002002002002002,0.18018018018018017,0.234,0.06006006006006006,0.2802802802802803,-3.2309381129858212,-3.448835862464985
2022-02-04,bb7,0.999,1.0,0.18018018018018017,-0.842287258439585,0.096,0.02002002002002002,0.20020020020020018,0.138,0.06006006006006006,0.2802802802802803,-3.195384507446124,-3.3771562332122667
2022-02-07,student,0.998,1.0,0.18018018018018017,-0.47782784464902506,0.066,0.02002002002002002,0.18018018018018017,0.124,0.06006006006006006,0.2802802802802803,-3.04335675157892,-3.2093720912839236
2022-02-08,bb7,0.999,1.0,0.18018018018018017,-0.11145894664665999,0.11,0.02002002002002002,0.18018018018018017,0.174,0.06006006006006006,0.2802802802802803,-3.0833915323741836,-3.2985365415885135
2022-02-09,bb7,0.999,1.0,0.18018018018018017,0.94459172993271,0.09,0.02002002002002002,0.18018018018018017,0.166,0.06006006006006006,0.2802802802802803,-3.009724021949406,-3.200161057309713
2022-02-10,student,0.999,1.0,0.18018018018018017,1.4137233000840048,0.074,0.02002002002002002,0.20020020020020018,0.12,0.06006006006006006,0.2802802802802803,-2.9151395808232965,-3.0599256697590307
2022-02-11,bb7,0.999,1.0,0.18018018018018017,-2.405486806970115,0.09,0.02002002002002002,0.18018018018018017,0.16,0.06006006006006006,0.2802802802802803,-2.823384487399997,-3.0006403635187042
2022-02-14,bb7,0.999,1.0,0.18018018018018017,-3.8862090683392747,0.076,0.02002002002002002,0.18018018018018017,0.122,0.06006006006006006,0.2802802802802803,-2.943695136255528,-3.13183306569341
2022-02-15,bb7,0.999,1.0,0.18018018018018017,3.91946993482129,0.116,0.02002002002002002,0.18018018018018017,0.174,0.06006006006006006,0.2802802802802803,-3.7088485444999906,-3.94091669574135
2022-02-16,bb7,0.999,1.0,0.18018018018018017,-0.9203200056371301,0.086,0.02002002002002002,0.18018018018018017,0.156,0.06006006006006006,0.2802802802802803,-3.7945182212488855,-4.051769849054429
2022-02-17,bb7,1.0,1.0,0.18018018018018017,-0.610006298402345,0.1,0.02002002002002002,0.18068068068068022,0.152,0.06006006006006006,0.2802802802802803,-3.611551847403785,-3.8324964255447433
2022-02-18,bb7,0.999,1.0,0.18018018018018017,-0.29161577213202494,0.108,0.02002002002002002,0.20020020020020018,0.176,0.06006006006006006,0.2802802802802803,-3.5736147599912775,-3.8139460439106316
2022-02-21,bb7,0.999,1.0,0.18018018018018017,0.35501532693257,0.086,0.02002002002002002,0.20020020020020018,0.14,0.06006006006006006,0.2802802802802803,-3.335064044064454,-3.529517848963178
2022-02-22,bb7,0.999,1.0,0.18018018018018017,-1.2260925135048752,0.108,0.02002002002002002,0.20020020020020018,0.162,0.06006006006006006,0.2802802802802803,-3.2467794349192305,-3.459336099564181
2022-02-23,bb7,0.999,1.0,0.18018018018018017,0.274539703822475,0.078,0.02002002002002002,0.20020020020020018,0.126,0.06006006006006006,0.2802802802802803,-3.1657420409962125,-3.35518462290339
2022-02-24,bb7,0.999,1.0,0.18018018018018017,-4.573964089117375,0.098,0.02002002002002002,0.20020020020020018,0.168,0.06006006006006006,0.2802802802802803,-3.1215629510332095,-3.3050908058767052
2022-02-25,bb7,0.998,1.0,0.20020020020020018,1.56562988860913,0.084,0.02002002002002002,0.20020020020020018,0.188,0.10010010010010009,0.34034034034034033,-3.7804828536892567,-4.0394994923281455
2022-02-28,bb7,0.999,1.0,0.20020020020020018,0.64168375282492,0.09,0.02002002002002002,0.20020020020020018,0.206,0.10010010010010009,0.34034034034034033,-3.883938412144036,-4.1333866036133715
2022-03-02,bb7,0.999,1.0,0.20020020020020018,-1.3092400524454502,0.08,0.02002002002002002,0.20020020020020018,0.176,0.10010010010010009,0.32082082082082036,-3.655367023658747,-3.8835007089691436
2022-03-03,bb7,0.999,1.0,0.20020020020020018,-0.20024698489659998,0.116,0.02002002002002002,0.20020020020020018,0.204,0.10010010010010009,0.32082082082082036,-3.56167424668125,-3.8214965866637445
2022-03-04,bb7,0.998,1.0,0.20020020020020018,-0.51530070432757,0.1,0.02002002002002002,0.20020020020020018,0.212,0.10010010010010009,0.3203203203203203,-3.4432955178720657,-3.6840544402133464
2022-03-07,bb7,0.999,1.0,0.20020020020020018,-1.9221218303355903,0.072,0.02002002002002002,0.20020020020020018,0.172,0.10010010010010009,0.3203203203203203,-3.3158729183031626,-3.521048254549409
2022-03-08,bb7,0.999,1.0,0.20020020020020018,1.0901288116518,0.116,0.02002002002002002,0.20020020020020018,0.204,0.10010010010010009,0.3203203203203203,-3.6924768501666874,-3.952619271200845
2022-03-09,bb7,0.999,1.0,0.20020020020020018,2.2568168020954453,0.096,0.02002002002002002,0.20020020020020018,0.214,0.10010010010010009,0.3203203203203203,-3.4807279519611667,-3.7075412635441944
2022-03-10,bb7,0.999,1.0,0.20020020020020018,2.192088460008755,0.1,0.02002002002002002,0.20020020020020018,0.208,0.10010010010010009,0.3203203203203203,-3.496216133312369,-3.7128645380328043
2022-03-11,bb7,0.999,1.0,0.20020020020020018,0.068800678531245,0.13,0.02002002002002002,0.20020020020020018,0.218,0.10010010010010009,0.3203203203203203,-3.446924187552232,-3.6727614551746144
2022-03-14,bb7,0.999,1.0,0.20020020020020018,3.399663200718595,0.108,0.02002002002002002,0.20020020020020018,0.176,0.10010010010010009,0.3203203203203203,-3.205576257618088,-3.3889165069337666
2022-03-15,bb7,0.999,1.0,0.20020020020020018,-1.306009016438845,0.092,0.02002002002002002,0.20020020020020018,0.204,0.10010010010010009,0.32082082082082036,-3.3399546543011276,-3.5463389737170696
2022-03-16,bb7,0.999,1.0,0.20020020020020018,2.04881079118321,0.086,0.02002002002002002,0.20020020020020018,0.212,0.10010010010010009,0.3203203203203203,-3.4631132025860016,-3.722313654224535
2022-03-17,bb7,0.998,1.0,0.20020020020020018,-0.009563416857284901,0.092,0.02002002002002002,0.20020020020020018,0.196,0.10010010010010009,0.34034034034034033,-3.4988569983523585,-3.7571799044100715
2022-03-21,bb7,0.999,1.0,0.20020020020020018,-1.1803969418635052,0.098,0.02002002002002002,0.20020020020020018,0.19,0.10010010010010009,0.3203203203203203,-3.264816955967778,-3.4988480162005753
2022-03-22,bb7,0.999,1.0,0.20020020020020018,1.233316011844285,0.104,0.02002002002002002,0.20020020020020018,0.2,0.10010010010010009,0.3203203203203203,-3.303017962815333,-3.5064605723496407
2022-03-23,bb7,0.999,1.0,0.20020020020020018,-0.708818780868985,0.092,0.02002002002002002,0.20020020020020018,0.194,0.10010010010010009,0.3203203203203203,-3.1528238886522666,-3.371615220962645
2022-03-24,bb7,0.999,1.0,0.20020020020020018,0.017336023416574975,0.098,0.02002002002002002,0.20020020020020018,0.176,0.10010010010010009,0.3203203203203203,-3.1429765215391234,-3.373496219452531
2022-03-25,bb7,0.996,1.0,0.20020020020020018,0.09846032460810494,0.12,0.02002002002002002,0.20020020020020018,0.22,0.10010010010010009,0.3203203203203203,-3.094170583932082,-3.322174679096577
2022-03-28,bb7,0.996,1.0,0.20020020020020018,0.617476496787675,0.098,0.02002002002002002,0.20020020020020018,0.168,0.08008008008008008,0.3203203203203203,-2.8313989064987863,-3.02801660270585
2022-03-29,bb7,0.996,1.0,0.20020020020020018,0.06992463479086503,0.082,0.02002002002002002,0.20020020020020018,0.176,0.10010010010010009,0.3203203203203203,-2.8204433480624416,-3.0039835905739545
2022-03-30,bb7,0.999,1.0,0.20020020020020018,0.40286297479366506,0.128,0.02002002002002002,0.20020020020020018,0.194,0.10010010010010009,0.3203203203203203,-2.7437865849506315,-2.9300313160447837
2022-03-31,bb7,0.999,1.0,0.20020020020020018,0.00018221333303999887,0.084,0.02002002002002002,0.20020020020020018,0.172,0.10010010010010009,0.3203203203203203,-2.6498944678831817,-2.8265783589650177
2022-04-01,bb7,0.999,1.0,0.20020020020020018,1.375936989695595,0.086,0.02002002002002002,0.20020020020020018,0.186,0.10010010010010009,0.3203203203203203,-2.590958469132205,-2.744202254690026
2022-04-04,bb7,0.996,1.0,0.20020020020020018,-0.132519039522985,0.102,0.02002002002002002,0.20020020020020018,0.2,0.10010010010010009,0.3203203203203203,-2.616380345812799,-2.813759908553862
2022-04-05,bb7,0.998,1.0,0.20020020020020018,-0.877200589351065,0.124,0.02002002002002002,0.20020020020020018,0.226,0.08008008008008008,0.3203203203203203,-2.6530172324246504,-2.855928189206739
2022-04-06,bb7,0.999,1.0,0.20020020020020018,-0.4293977955161549,0.128,0.02002002002002002,0.20020020020020018,0.228,0.08008008008008008,0.3203203203203203,-2.6721210548451673,-2.8547075958463104
2022-04-07,bb7,0.999,1.0,0.20020020020020018,-0.3932156280482,0.116,0.02002002002002002,0.20020020020020018,0.21,0.08008008008008008,0.3203203203203203,-2.710157751448131,-2.8938874063949
2022-04-08,bb7,0.999,1.0,0.20020020020020018,0.210831947145345,0.096,0.02002002002002002,0.20020020020020018,0.194,0.08008008008008008,0.3203203203203203,-2.6286600082161797,-2.787343488497709
2022-04-11,bb7,0.996,1.0,0.20020020020020018,-1.458218815951745,0.102,0.02002002002002002,0.18018018018018017,0.206,0.08008008008008008,0.3203203203203203,-2.5713037565451002,-2.7589462067381163
2022-04-12,bb7,0.998,1.0,0.20020020020020018,-0.8862785707259551,0.096,0.02002002002002002,0.18018018018018017,0.208,0.08008008008008008,0.3203203203203203,-2.692895844354896,-2.8898343497013212
2022-04-13,bb7,0.996,1.0,0.20020020020020018,0.6453626003074799,0.094,0.02002002002002002,0.20020020020020018,0.198,0.08008008008008008,0.3203203203203203,-2.687764918426863,-2.8861665480527825
2022-04-18,bb7,0.996,1.0,0.20020020020020018,-4.57315145487502,0.076,0.02002002002002002,0.20020020020020018,0.192,0.08008008008008008,0.3203203203203203,-2.6689696977317845,-2.8398190085221633
2022-04-19,bb7,0.996,1.0,0.20020020020020018,-1.640943403891985,0.118,0.02002002002002002,0.18068068068068022,0.21,0.08008008008008008,0.3203203203203203,-4.176945438900195,-4.443278083983995
2022-04-20,bb7,0.996,1.0,0.20020020020020018,0.57112682847519,0.098,0.02002002002002002,0.20020020020020018,0.218,0.08008008008008008,0.3203203203203203,-4.364189891913795,-4.600210626669432
2022-04-21,bb7,0.996,1.0,0.20020020020020018,1.65247930877805,0.082,0.02002002002002002,0.18068068068068022,0.17,0.08008008008008008,0.3203203203203203,-4.274222031560466,-4.43958167596458
2022-04-22,bb7,0.997,1.0,0.20020020020020018,-2.5848752937811597,0.09,0.02002002002002002,0.18068068068068022,0.182,0.08008008008008008,0.3203203203203203,-3.814493521532097,-4.034084330571826
2022-04-25,bb7,0.967,1.0,0.20020020020020018,-1.3616193090868949,0.11,0.02002002002002002,0.18018018018018017,0.222,0.08008008008008008,0.3203203203203203,-3.9578788621312935,-4.224718108765225
2022-04-26,bb7,0.971,1.0,0.20020020020020018,1.7081163725285,0.072,0.02002002002002002,0.18068068068068022,0.176,0.08008008008008008,0.3203203203203203,-3.832565005572897,-4.013449473251919
2022-04-27,bb7,0.983,1.0,0.20020020020020018,-1.722640835303125,0.11,0.02002002002002002,0.20020020020020018,0.186,0.08008008008008008,0.3203203203203203,-3.70201008047039,-3.951791095149445
2022-04-28,bb7,0.98,1.0,0.20020020020020018,1.970657784375075,0.1,0.02002002002002002,0.20020020020020018,0.176,0.08008008008008008,0.3203203203203203,-3.676423223450141,-3.8608511741894933
2022-04-29,bb7,0.973,1.0,0.20020020020020018,-1.593571371401545,0.102,0.02002002002002002,0.20020020020020018,0.202,0.10010010010010009,0.3203203203203203,-3.6095947461960685,-3.9167051652821465
2022-05-02,bb7,0.998,1.0,0.20020020020020018,-1.390936074102575,0.108,0.02002002002002002,0.20020020020020018,0.186,0.10010010010010009,0.32082082082082036,-3.5114390828831223,-3.72486848989593
2022-05-04,bb7,0.998,1.0,0.20020020020020018,-1.34652553110248,0.104,0.02002002002002002,0.20020020020020018,0.214,0.10010010010010009,0.34034034034034033,-3.4967349393682428,-3.7444756509850006
2022-05-05,bb7,0.998,1.0,0.20020020020020018,1.6259870274691248,0.106,0.02002002002002002,0.20020020020020018,0.2,0.10010010010010009,0.34034034034034033,-3.373828758162873,-3.6205560406788817
2022-05-06,bb7,0.999,1.0,0.20020020020020018,-0.9426021318036698,0.09,0.02002002002002002,0.20020020020020018,0.184,0.10010010010010009,0.34034034034034033,-3.341598142910196,-3.542880334334641
2022-05-09,bb7,0.998,1.0,0.20020020020020018,0.044667197663375124,0.12,0.02002002002002002,0.20020020020020018,0.246,0.10010010010010009,0.3203203203203203,-3.4841457500365163,-3.7474566243592755
2022-05-10,bb7,0.994,1.0,0.20020020020020018,-0.6290949508463349,0.108,0.02002002002002002,0.20020020020020018,0.196,0.10010010010010009,0.3203203203203203,-3.437883389073699,-3.668736661226582
2022-05-11,bb7,0.997,1.0,0.20020020020020018,-0.7105250815068549,0.116,0.02002002002002002,0.20020020020020018,0.17,0.06006006006006006,0.2802802802802803,-3.2580950441837766,-3.453310706508543
2022-05-12,bb7,0.994,1.0,0.20020020020020018,-2.07141879863339,0.098,0.02002002002002002,0.20020020020020018,0.194,0.10010010010010009,0.3203203203203203,-3.300326322278615,-3.518327222840597
2022-05-13,bb7,0.996,1.0,0.20020020020020018,-2.130185942646465,0.08,0.02002002002002002,0.20020020020020018,0.182,0.10010010010010009,0.3203203203203203,-3.3083137862581062,-3.5157837776529726
2022-05-16,bb7,0.996,1.0,0.20020020020020018,0.63938133553964,0.126,0.02002002002002002,0.20020020020020018,0.198,0.06006006006006006,0.2802802802802803,-3.5800942258684225,-3.8130797027401915
2022-05-17,bb7,0.996,1.0,0.20020020020020018,2.309604076853155,0.12,0.02002002002002002,0.20020020020020018,0.188,0.06006006006006006,0.2802802802802803,-3.4718861775095635,-3.664228150951731
2022-05-18,bb7,0.998,1.0,0.20020020020020018,-1.310627539659095,0.108,0.02002002002002002,0.20020020020020018,0.18,0.06006006006006006,0.2802802802802803,-3.4963291844253446,-3.7149535811436585
2022-05-19,bb7,0.999,1.0,0.20020020020020018,-3.9546465127834303,0.094,0.02002002002002002,0.20020020020020018,0.164,0.06006006006006006,0.2802802802802803,-3.357162526737478,-3.562383059586533
2022-05-20,bb7,0.998,1.0,0.20020020020020018,2.60916682459727,0.106,0.02002002002002002,0.20020020020020018,0.184,0.06006006006006006,0.2802802802802803,-4.05941873075041,-4.339904068281668
2022-05-23,bb7,0.998,1.0,0.20020020020020018,0.290758906474685,0.098,0.02002002002002002,0.18068068068068022,0.182,0.06006006006006006,0.2802802802802803,-4.032017736820563,-4.28788894093335
2022-05-24,bb7,0.998,1.0,0.20020020020020018,-0.817209831531425,0.082,0.02002002002002002,0.20020020020020018,0.142,0.06006006006006006,0.2802802802802803,-3.8457925609229804,-4.054341486365914
2022-05-25,bb7,0.999,1.0,0.20020020020020018,-1.1649246937009,0.1,0.02002002002002002,0.20020020020020018,0.152,0.06006006006006006,0.2802802802802803,-3.722867364762679,-3.956832113576201
2022-05-26,bb7,0.998,1.0,0.20020020020020018,2.0798937054667554,0.106,0.02002002002002002,0.20020020020020018,0.152,0.06006006006006006,0.2802802802802803,-3.5500286722112855,-3.7736880063291984
2022-05-27,bb7,0.996,1.0,0.20020020020020018,1.3016382749482,0.068,0.02002002002002002,0.20020020020020018,0.126,0.06006006006006006,0.2802802802802803,-3.539573053021198,-3.751179796685192
2022-05-30,bb7,0.994,1.0,0.20020020020020018,2.789481720969905,0.098,0.02002002002002002,0.20020020020020018,0.164,0.06006006006006006,0.2802802802802803,-3.5092466640359152,-3.7203076375878035
2022-05-31,bb7,0.99,1.0,0.20020020020020018,-0.92837145016258,0.09,0.02002002002002002,0.20020020020020018,0.16,0.06006006006006006,0.2802802802802803,-3.586224684181627,-3.7685340704303827
2022-06-01,bb7,0.989,1.0,0.20020020020020018,-0.8186671380325449,0.098,0.02002002002002002,0.18068068068068022,0.18,0.06006006006006006,0.2802802802802803,-3.3694761210115036,-3.5923744366801746
2022-06-02,bb7,0.994,1.0,0.20020020020020018,1.151339714369155,0.104,0.02002002002002002,0.20020020020020018,0.172,0.06006006006006006,0.2802802802802803,-3.2810149459149787,-3.4900052896279385
2022-06-03,bb7,0.99,1.0,0.20020020020020018,-0.12040499177473502,0.102,0.02002002002002002,0.18068068068068022,0.152,0.06006006006006006,0.2802802802802803,-3.2036580323860737,-3.3919902208901767
2022-06-06,bb7,0.992,1.0,0.20020020020020018,0.18743823050988997,0.102,0.02002002002002002,0.18068068068068022,0.188,0.06006006006006006,0.2802802802802803,-3.1420984841101474,-3.352750627608243
2022-06-07,bb7,0.994,1.0,0.20020020020020018,-0.801299281029855,0.09,0.02002002002002002,0.18068068068068022,0.174,0.06006006006006006,0.2802802802802803,-3.0009442996562723,-3.223586392419481
2022-06-08,bb7,0.994,1.0,0.20020020020020018,0.622371892962725,0.09,0.02002002002002002,0.18018018018018017,0.166,0.06006006006006006,0.2802802802802803,-2.9015098348134702,-3.113285924189269
2022-06-09,bb7,0.996,1.0,0.20020020020020018,0.033888464448750044,0.088,0.02002002002002002,0.20020020020020018,0.174,0.06006006006006006,0.2802802802802803,-2.9174450092854194,-3.0907563073064193
2022-06-10,bb7,0.996,1.0,0.20020020020020018,-1.8259915279811902,0.068,0.02002002002002002,0.20020020020020018,0.154,0.06006006006006006,0.2802802802802803,-2.7813657367817943,-2.95048371746812
2022-06-13,bb7,0.994,1.0,0.20020020020020018,-3.5657190594599446,0.092,0.02002002002002002,0.18068068068068022,0.17,0.06006006006006006,0.2802802802802803,-2.9207907106248685,-3.1212266400511024
2022-06-14,bb7,0.996,1.0,0.2202202202202202,0.811905409188865,0.098,0.02002002002002002,0.20020020020020018,0.194,0.06006006006006006,0.2802802802802803,-3.606046881823012,-3.874484217498573
2022-06-15,bb7,0.994,1.0,0.2202202202202202,-0.27967527230139505,0.12,0.02002002002002002,0.20020020020020018,0.192,0.06006006006006006,0.28078078078078034,-3.5033895347101174,-3.7339126864569687
2022-06-16,bb7,0.994,1.0,0.2202202202202202,-1.9786654145915201,0.104,0.02002002002002002,0.20020020020020018,0.166,0.06006006006006006,0.3003003003003003,-3.371719626352563,-3.614183132307911
2022-06-17,bb7,0.998,1.0,0.2202202202202202,-0.423522734218835,0.08,0.02002002002002002,0.20020020020020018,0.152,0.06006006006006006,0.3003003003003003,-3.3134998626318275,-3.5373206504436636
2022-06-20,bb7,0.998,1.0,0.2202202202202202,0.2390235522458899,0.102,0.02002002002002002,0.20020020020020018,0.17,0.06006006006006006,0.3003003003003003,-3.2538251575084716,-3.4476936335509016
2022-06-21,bb7,0.998,1.0,0.2202202202202202,3.061137447329985,0.11,0.02002002002002002,0.20020020020020018,0.184,0.06006006006006006,0.3003003003003003,-3.324080727903599,-3.558540050799037
2022-06-22,bb7,0.999,1.0,0.2202202202202202,-0.78321720173453,0.12,0.02002002002002002,0.20020020020020018,0.19,0.06006006006006006,0.3003003003003003,-3.5439427156434222,-3.7739053602211006
2022-06-23,bb7,0.996,1.0,0.2202202202202202,0.94312036672643,0.084,0.02002002002002002,0.20020020020020018,0.16,0.06006006006006006,0.3003003003003003,-3.0845820544250455,-3.294361525817776
2022-06-24,bb7,0.996,1.0,0.2202202202202202,-0.07756230804105502,0.108,0.02002002002002002,0.20020020020020018,0.184,0.06006006006006006,0.3003003003003003,-3.0677412171727316,-3.265791315822307
2022-06-27,student,0.996,1.0,0.2202202202202202,1.9082102082392498,0.11,0.02002002002002002,0.20020020020020018,0.166,0.06006006006006006,0.3003003003003003,-2.9892198816497353,-3.1634380866365492
2022-06-28,bb7,0.996,1.0,0.2202202202202202,0.5174029965016049,0.09,0.02002002002002002,0.20020020020020018,0.176,0.06006006006006006,0.3003003003003003,-2.9191099676793537,-3.0991098051163766
2022-06-29,bb7,0.996,1.0,0.2202202202202202,-1.1319278421233951,0.104,0.02002002002002002,0.20020020020020018,0.184,0.06006006006006006,0.3003003003003003,-2.9057274692844013,-3.0842300455576077
2022-06-30,bb7,0.996,1.0,0.2202202202202202,0.6889998734402001,0.124,0.02002002002002002,0.20020020020020018,0.222,0.06006006006006006,0.3003003003003003,-2.9670195001571233,-3.172708333182315
2022-07-01,student,0.994,1.0,0.2202202202202202,0.6968334566766851,0.096,0.02002002002002002,0.20020020020020018,0.17,0.06006006006006006,0.3003003003003003,-2.79741278021306,-2.9801705438908956
2022-07-04,bb7,0.996,1.0,0.2202202202202202,0.9917307475035599,0.1,0.02002002002002002,0.20020020020020018,0.172,0.06006006006006006,0.3003003003003003,-2.7329051151705106,-2.9006897051739897
2022-07-05,student,0.989,1.0,0.2202202202202202,-0.54403836229246,0.086,0.02002002002002002,0.20020020020020018,0.154,0.06006006006006006,0.3003003003003003,-2.661140615797792,-2.8110414526491225
2022-07-06,bb7,0.994,1.0,0.2202202202202202,1.348318786059655,0.104,0.02002002002002002,0.20020020020020018,0.186,0.06006006006006006,0.3003003003003003,-2.6302636162139494,-2.8022825049466498
2022-07-07,bb7,0.991,1.0,0.2202202202202202,0.939188907327435,0.1,0.02002002002002002,0.20020020020020018,0.176,0.06006006006006006,0.3003003003003003,-2.673272015575845,-2.843119684199899
2022-07-08,student,0.994,1.0,0.2202202202202202,0.707271734937995,0.116,0.02002002002002002,0.20020020020020018,0.162,0.06006006006006006,0.3003003003003003,-2.6133882055200304,-2.7929148438939144
2022-07-11,bb7,0.994,1.0,0.2202202202202202,-1.41829777254521,0.092,0.02002002002002002,0.20020020020020018,0.178,0.06006006006006006,0.3003003003003003,-2.519580498212356,-2.6805309585292045
2022-07-12,bb7,0.994,1.0,0.2202202202202202,-1.52059524229626,0.106,0.02002002002002002,0.20020020020020018,0.172,0.06006006006006006,0.3003003003003003,-2.758521633395311,-2.9263885528724676
2022-07-13,student,0.998,1.0,0.2202202202202202,0.36245823911249997,0.096,0.02002002002002002,0.20020020020020018,0.152,0.06006006006006006,0.3003003003003003,-2.8515411108573945,-2.9871586440828506
2022-07-14,student,0.996,1.0,0.2202202202202202,-1.283222338276085,0.102,0.02002002002002002,0.20020020020020018,0.16,0.06006006006006006,0.3003003003003003,-2.7843625560292278,-2.9456962975674874
2022-07-15,bb7,0.994,1.0,0.2202202202202202,0.026376428261184998,0.106,0.02002002002002002,0.20020020020020018,0.186,0.06006006006006006,0.3003003003003003,-2.8183474512767206,-3.0165239321543726
2022-07-18,student,0.994,1.0,0.2202202202202202,3.194895643315365,0.096,0.02002002002002002,0.20020020020020018,0.144,0.06006006006006006,0.3003003003003003,-2.736695833078861,-2.906039319207983
2022-07-19,bb7,0.994,1.0,0.2202202202202202,0.5807710110638451,0.11,0.02002002002002002,0.20020020020020018,0.192,0.0795795795795796,0.3003003003003003,-2.969040921332524,-3.1697491769463575
2022-07-20,bb7,0.994,1.0,0.2202202202202202,2.096672676819715,0.108,0.02002002002002002,0.20020020020020018,0.172,0.0795795795795796,0.3003003003003003,-2.7668987907068314,-2.9383276248997423
2022-07-21,student,0.994,1.0,0.2202202202202202,0.9154180453917149,0.096,0.02002002002002002,0.20020020020020018,0.17,0.08008008008008008,0.3003003003003003,-2.725278093129815,-2.8891930371132055
2022-07-22,bb7,0.994,1.0,0.2202202202202202,-0.71439879767385,0.122,0.02002002002002002,0.20020020020020018,0.18,0.08008008008008008,0.3003003003003003,-2.770921506776923,-2.937331245111919
2022-07-25,student,0.99,1.0,0.2202202202202202,0.30778106169602004,0.098,0.02002002002002002,0.20020020020020018,0.154,0.0795795795795796,0.3003003003003003,-2.723573568498355,-2.866800526224598
2022-07-26,student,0.989,1.0,0.2202202202202202,-2.124137372919645,0.088,0.02002002002002002,0.20020020020020018,0.164,0.0795795795795796,0.3003003003003003,-2.675551418481198,-2.847200909257671
2022-07-27,bb7,0.994,1.0,0.2202202202202202,2.024149431657825,0.124,0.02002002002002002,0.20020020020020018,0.198,0.06006006006006006,0.3003003003003003,-3.103713165165537,-3.292209603320478
2022-07-28,student,0.994,1.0,0.2202202202202202,1.95178951622286,0.092,0.02002002002002002,0.20020020020020018,0.156,0.0795795795795796,0.3003003003003003,-3.1146542918273914,-3.318265793323543
2022-07-29,bb7,0.994,1.0,0.2202202202202202,0.666647900107505,0.126,0.02002002002002002,0.20020020020020018,0.202,0.08008008008008008,0.3003003003003003,-3.1226501406387883,-3.3269067751714134
2022-08-01,student,0.994,1.0,0.2202202202202202,0.55197070366107,0.088,0.02002002002002002,0.20020020020020018,0.158,0.08008008008008008,0.3003003003003003,-2.9122025249811063,-3.0838484854346895
2022-08-02,student,0.992,1.0,0.2202202202202202,0.5354027957843549,0.108,0.02002002002002002,0.20020020020020018,0.166,0.08008008008008008,0.3003003003003003,-2.852621270115079,-3.0285529680951084
2022-08-03,student,0.988,1.0,0.2202202202202202,0.6081357274974649,0.094,0.02002002002002002,0.20020020020020018,0.16,0.08008008008008008,0.3003003003003003,-2.6708052229182493,-2.8397741472105262
2022-08-04,student,0.993,1.0,0.2202202202202202,0.36005634871107484,0.114,0.02002002002002002,0.20020020020020018,0.17,0.08008008008008008,0.3003003003003003,-2.709717603790896,-2.877307219852525
2022-08-05,bb7,0.989,1.0,0.2202202202202202,0.31403678521514494,0.122,0.02002002002002002,0.20020020020020018,0.202,0.08008008008008008,0.3003003003003003,-2.776494166631464,-2.985595871446204
2022-08-08,bb7,0.993,1.0,0.2202202202202202,-0.9279402113688051,0.102,0.02002002002002002,0.20020020020020018,0.18,0.08008008008008008,0.3003003003003003,-2.633203581602456,-2.8046890258841866
2022-08-10,bb7,0.993,1.0,0.2202202202202202,-1.0767807181523,0.126,0.02002002002002002,0.20020020020020018,0.188,0.08008008008008008,0.3003003003003003,-2.7315465611863994,-2.91122668326681
2022-08-11,bb7,0.993,1.0,0.2202202202202202,1.50996951465322,0.126,0.02002002002002002,0.20020020020020018,0.196,0.0795795795795796,0.3003003003003003,-2.7306894559343378,-2.922530516257498
2022-08-12,bb7,0.993,1.0,0.2202202202202202,-0.24055667055251007,0.108,0.02002002002002002,0.20020020020020018,0.178,0.0795795795795796,0.3003003003003003,-2.6871168658505944,-2.848151473957718
2022-08-16,bb7,0.993,1.0,0.2202202202202202,-0.37588385576529504,0.132,0.02002002002002002,0.20020020020020018,0.18,0.0795795795795796,0.3003003003003003,-2.742328721912472,-2.9185459132664766
2022-08-17,bb7,0.993,1.0,0.2202202202202202,0.51471070235229,0.13,0.02002002002002002,0.20020020020020018,0.196,0.0795795795795796,0.3003003003003003,-2.63799989130238,-2.7869673960937225
2022-08-18,bb7,0.992,1.0,0.2202202202202202,-0.33457110533834006,0.118,0.02002002002002002,0.20020020020020018,0.192,0.0795795795795796,0.3003003003003003,-2.6167891745933414,-2.7909532163399438
2022-08-19,student,0.992,1.0,0.2202202202202202,-0.69501590587372,0.086,0.02002002002002002,0.20020020020020018,0.16,0.0795795795795796,0.3003003003003003,-2.592810943162123,-2.775893889430235
2022-08-22,bb7,0.992,1.0,0.2202202202202202,-1.5533324780910198,0.114,0.02002002002002002,0.20020020020020018,0.188,0.0795795795795796,0.3003003003003003,-2.7395865347330317,-2.927082966975059
2022-08-23,bb7,0.994,1.0,0.2202202202202202,-0.04043488836303499,0.1,0.04004004004004004,0.20020020020020018,0.19,0.08008008008008008,0.3003003003003003,-2.819132085920986,-2.994247328316769
2022-08-24,bb7,0.995,1.0,0.2202202202202202,-0.40880966832468,0.108,0.04004004004004004,0.2202202202202202,0.178,0.0795795795795796,0.3003003003003003,-2.911418343988444,-3.0829140144167506
2022-08-25,student,0.996,1.0,0.2202202202202202,-0.527461107282965,0.092,0.02002002002002002,0.20020020020020018,0.164,0.0795795795795796,0.3003003003003003,-2.738244059448149,-2.8834226509234773
2022-08-26,bb7,0.996,1.0,0.2202202202202202,0.43745916997580997,0.112,0.04004004004004004,0.2202202202202202,0.174,0.0795795795795796,0.3003003003003003,-2.812815685119098,-2.9886472858025455
2022-08-29,bb7,0.996,1.0,0.2202202202202202,-2.8664730500824698,0.112,0.04004004004004004,0.2202202202202202,0.194,0.0795795795795796,0.3003003003003003,-2.846104431308108,-3.0082441953203625
2022-08-30,bb7,0.996,1.0,0.2202202202202202,2.6238410263741203,0.102,0.02002002002002002,0.20020020020020018,0.182,0.08008008008008008,0.3003003003003003,-3.3396641795615913,-3.544665640423476
2022-09-01,bb7,0.996,1.0,0.2202202202202202,-0.779689053399045,0.08,0.02002002002002002,0.20020020020020018,0.138,0.08008008008008008,0.3003003003003003,-3.2586397451534523,-3.4472138937380277
2022-09-02,bb7,0.997,1.0,0.2202202202202202,-0.06616591637328995,0.118,0.02002002002002002,0.20020020020020018,0.214,0.08008008008008008,0.3003003003003003,-3.2619643018223576,-3.4888684364797937
2022-09-05,bb7,0.998,1.0,0.2202202202202202,0.48934315766768494,0.128,0.039539539539539564,0.20070070070070023,0.196,0.08008008008008008,0.3003003003003003,-3.2793744202062096,-3.4827620201241025
2022-09-06,bb7,0.997,1.0,0.2202202202202202,-0.31475800456898,0.112,0.04004004004004004,0.20070070070070023,0.18,0.08008008008008008,0.3003003003003003,-3.0817853912588333,-3.253134174782032
2022-09-07,bb7,0.99,0.999,0.2202202202202202,-0.37479001474097,0.112,0.04004004004004004,0.20070070070070023,0.184,0.08008008008008008,0.3003003003003003,-2.9941229152466327,-3.1618515675948857
2022-09-08,bb7,0.986,0.999,0.2202202202202202,1.71728907067412,0.15,0.04004004004004004,0.2202202202202202,0.216,0.08008008008008008,0.3003003003003003,-2.890308855115006,-3.0916723735191054
2022-09-09,bb7,0.988,0.999,0.2202202202202202,1.989054363793295,0.102,0.04004004004004004,0.2202202202202202,0.172,0.08008008008008008,0.30080080080080035,-2.849962162855021,-3.0451036039884127
2022-09-12,student,0.994,1.0,0.2202202202202202,0.945363443207155,0.1,0.04004004004004004,0.2202202202202202,0.15,0.08008008008008008,0.30080080080080035,-2.7825594388390598,-2.9518829098526576
2022-09-13,bb7,0.994,1.0,0.2202202202202202,0.56254185055558,0.12,0.04004004004004004,0.2202202202202202,0.212,0.08008008008008008,0.3203203203203203,-2.7708662381119566,-2.962591871706563
2022-09-14,student,0.986,0.998,0.2202202202202202,-1.0859818277915254,0.09,0.04004004004004004,0.2202202202202202,0.17,0.08008008008008008,0.3203203203203203,-2.6054630169809294,-2.75223560169924
2022-09-15,bb7,0.994,1.0,0.2202202202202202,-1.42995659106334,0.102,0.04004004004004004,0.2202202202202202,0.174,0.08008008008008008,0.3003003003003003,-3.3459327034228474,-3.5054094374579545
2022-09-16,student,0.995,1.0,0.2202202202202202,-2.897117279376045,0.106,0.04004004004004004,0.2202202202202202,0.168,0.08008008008008008,0.3003003003003003,-3.4681164211725775,-3.6266191848861875
2022-09-19,bb7,0.994,1.0,0.2202202202202202,1.4003010225784749,0.128,0.04004004004004004,0.2202202202202202,0.194,0.08008008008008008,0.30080080080080035,-3.9781404784451206,-4.216301056704517
2022-09-20,bb7,0.994,1.0,0.2202202202202202,0.09405986172192998,0.078,0.04004004004004004,0.2202202202202202,0.16,0.08008008008008008,0.30080080080080035,-3.7541288226417775,-3.954215245700857
2022-09-21,bb7,0.994,1.0,0.2202202202202202,-0.7888988584373899,0.102,0.04004004004004004,0.2202202202202202,0.192,0.08008008008008008,0.30080080080080035,-3.5650296050586103,-3.7744120612436247
2022-09-22,bb7,0.994,1.0,0.2202202202202202,-0.5498531990312,0.128,0.04004004004004004,0.2202202202202202,0.182,0.08008008008008008,0.30080080080080035,-3.501161254198691,-3.707706300106277
2022-09-23,bb7,0.992,0.998,0.2202202202202202,-1.585460135879425,0.122,0.04004004004004004,0.2202202202202202,0.17,0.08008008008008008,0.3203203203203203,-3.316352250502712,-3.476427061354607
2022-09-26,bb7,0.994,0.999,0.2202202202202202,-0.12830572187436495,0.14,0.04004004004004004,0.2202202202202202,0.208,0.08008008008008008,0.3203203203203203,-3.4988004141118205,-3.730579043822007
2022-09-27,bb7,0.993,0.999,0.2202202202202202,-0.15026083781728994,0.124,0.04004004004004004,0.2202202202202202,0.196,0.08008008008008008,0.3203203203203203,-3.289674047449927,-3.5560745303100387
2022-09-28,bb7,0.992,0.999,0.2202202202202202,-1.056462182549905,0.096,0.04004004004004004,0.2202202202202202,0.174,0.08008008008008008,0.3203203203203203,-3.1700083402165022,-3.3678359663750834
2022-09-29,bb7,0.992,0.999,0.2202202202202202,-0.15479243682330002,0.12,0.04004004004004004,0.2202202202202202,0.204,0.08008008008008008,0.3203203203203203,-3.156064477649351,-3.366067599413709
2022-09-30,bb7,0.992,0.999,0.2202202202202202,1.3672981756171652,0.102,0.04004004004004004,0.2202202202202202,0.196,0.08008008008008008,0.3203203203203203,-3.1087625267904007,-3.30971572946859
2022-10-03,bb7,0.987,0.997,0.2202202202202202,-1.7348021794376849,0.122,0.04004004004004004,0.2202202202202202,0.186,0.08008008008008008,0.3203203203203203,-2.997221176882155,-3.186677790590404
2022-10-04,bb7,0.992,0.998,0.2202202202202202,2.4933696105343754,0.114,0.04004004004004004,0.2202202202202202,0.178,0.08008008008008008,0.3203203203203203,-3.100797559725547,-3.320769415019402
2022-10-06,bb7,0.992,0.998,0.2202202202202202,1.32261601442088,0.14,0.04004004004004004,0.2202202202202202,0.234,0.08008008008008008,0.3203203203203203,-3.1606207179561876,-3.381266373687824
2022-10-07,bb7,0.992,0.998,0.2202202202202202,-0.80102400914674,0.124,0.04004004004004004,0.2202202202202202,0.196,0.08008008008008008,0.3203203203203203,-3.044891591557877,-3.247630870480054
2022-10-10,bb7,0.99,0.996,0.2202202202202202,0.44479210668717994,0.108,0.04004004004004004,0.2202202202202202,0.174,0.08008008008008008,0.3203203203203203,-2.920158023959397,-3.0856539575357016
2022-10-11,student,0.992,0.996,0.2202202202202202,-1.6626109661642199,0.072,0.04004004004004004,0.2202202202202202,0.154,0.08008008008008008,0.3203203203203203,-2.7637673184352507,-2.9330326964873623
2022-10-12,bb7,0.994,0.999,0.2202202202202202,0.774865975645315,0.096,0.04004004004004004,0.2202202202202202,0.196,0.08008008008008008,0.3203203203203203,-3.065202609983771,-3.290355638074282
2022-10-13,bb7,0.994,0.999,0.2202202202202202,-1.47931277659708,0.12,0.04004004004004004,0.2202202202202202,0.204,0.08008008008008008,0.3203203203203203,-2.9990446084829365,-3.218838821263253
2022-10-14,bb7,0.994,0.999,0.2202202202202202,2.42647683532748,0.096,0.04004004004004004,0.2202202202202202,0.176,0.08008008008008008,0.3203203203203203,-2.977443548121903,-3.1490718357128316
2022-10-17,student,0.994,0.999,0.2202202202202202,2.06593672201148,0.1,0.04004004004004004,0.2202202202202202,0.162,0.08008008008008008,0.3203203203203203,-2.9497965348478905,-3.1183149056593673
2022-10-18,student,0.994,0.999,0.2202202202202202,2.1591404672765497,0.1,0.04004004004004004,0.2202202202202202,0.16,0.08008008008008008,0.3203203203203203,-2.9863981455986313,-3.1746020358736846
2022-10-19,bb7,0.992,0.999,0.2202202202202202,-1.421604656281915,0.13,0.04004004004004004,0.2202202202202202,0.228,0.08008008008008008,0.3203203203203203,-3.0783144579909574,-3.274327039921487
2022-10-20,bb7,0.99,0.997,0.2202202202202202,0.697730417682615,0.104,0.04004004004004004,0.2202202202202202,0.198,0.08008008008008008,0.3203203203203203,-3.067274550421519,-3.281388790279003
2022-10-21,bb7,0.987,0.996,0.2202202202202202,0.47492429273135,0.12,0.04004004004004004,0.2202202202202202,0.21,0.08008008008008008,0.3203203203203203,-3.01808774120601,-3.204340231137091
2022-10-24,bb7,0.994,0.999,0.2202202202202202,1.427805001980135,0.106,0.04004004004004004,0.2202202202202202,0.198,0.08008008008008008,0.3203203203203203,-2.8566500998438458,-3.0502687353233977
2022-10-25,bb7,0.99,0.996,0.2202202202202202,0.97817342825734,0.138,0.04004004004004004,0.2202202202202202,0.224,0.08008008008008008,0.3203203203203203,-2.875277075864118,-3.0869282401790525
2022-10-27,bb7,0.992,0.996,0.2202202202202202,0.5614009508712251,0.144,0.04004004004004004,0.2202202202202202,0.218,0.08008008008008008,0.3203203203203203,-2.7653028668611084,-2.9604214732549274
2022-10-28,bb7,0.994,0.999,0.2202202202202202,-1.12596317282239,0.118,0.04004004004004004,0.2202202202202202,0.234,0.08008008008008008,0.3203203203203203,-2.6627006039323406,-2.854948628486864
2022-10-31,bb7,0.992,0.996,0.20020020020020018,1.06626412053925,0.094,0.04004004004004004,0.2202202202202202,0.164,0.08008008008008008,0.3203203203203203,-2.635644416360814,-2.8025301513765957
2022-11-01,bb7,0.992,0.996,0.20020020020020018,1.40587118594715,0.124,0.04004004004004004,0.2202202202202202,0.226,0.08008008008008008,0.3203203203203203,-2.7302703195067806,-2.942469644197019
2022-11-02,bb7,0.992,0.996,0.20020020020020018,-0.895198725930775,0.122,0.04004004004004004,0.2202202202202202,0.2,0.08008008008008008,0.3203203203203203,-2.6587063878379475,-2.832844711139681
2022-11-03,bb7,0.992,0.997,0.20020020020020018,0.22245206220240998,0.108,0.04004004004004004,0.2202202202202202,0.194,0.08008008008008008,0.3203203203203203,-2.59922728403775,-2.778122261621653
2022-11-04,bb7,0.992,0.996,0.20020020020020018,0.21757989267284494,0.124,0.04004004004004004,0.2202202202202202,0.204,0.08008008008008008,0.3203203203203203,-2.679408846418382,-2.869049730492424
2022-11-07,bb7,0.99,0.994,0.20020020020020018,1.4554184411374798,0.096,0.04004004004004004,0.2202202202202202,0.176,0.08008008008008008,0.3203203203203203,-2.637135003405539,-2.8333074991605813
2022-11-09,bb7,0.992,0.996,0.20020020020020018,0.23807635970428997,0.098,0.04004004004004004,0.2202202202202202,0.172,0.08008008008008008,0.3203203203203203,-2.745986279935004,-2.9068672689542145
2022-11-10,bb7,0.992,0.997,0.20020020020020018,-1.1094281183055,0.118,0.04004004004004004,0.2202202202202202,0.206,0.08008008008008008,0.3203203203203203,-2.669628101860086,-2.86764487051317
2022-11-11,bb7,0.992,0.994,0.20020020020020018,1.85008080286718,0.096,0.04004004004004004,0.2202202202202202,0.19,0.08008008008008008,0.3203203203203203,-2.646535268051659,-2.8048906258608906
2022-11-14,bb7,0.992,0.996,0.20020020020020018,-0.25121312817460495,0.098,0.04004004004004004,0.2202202202202202,0.196,0.08008008008008008,0.3203203203203203,-2.80705329535467,-2.970737670212915
2022-11-15,bb7,0.992,0.995,0.20020020020020018,0.969140718320505,0.102,0.04004004004004004,0.2202202202202202,0.178,0.08008008008008008,0.3203203203203203,-2.6721626014741533,-2.8463992313019726
2022-11-16,bb7,0.996,0.999,0.20020020020020018,0.18366122737516002,0.11,0.04004004004004004,0.2202202202202202,0.188,0.08008008008008008,0.3203203203203203,-2.6053776428444007,-2.7580324442173367
2022-11-17,bb7,0.994,0.999,0.20020020020020018,-0.541126201418265,0.11,0.04004004004004004,0.2202202202202202,0.188,0.08008008008008008,0.3203203203203203,-2.61185554269336,-2.7818718809465564
2022-11-18,bb7,0.994,0.999,0.20020020020020018,0.492360142330145,0.108,0.04004004004004004,0.2202202202202202,0.208,0.08008008008008008,0.3203203203203203,-2.6387589629102206,-2.8012151319021403
2022-11-21,bb7,0.996,0.999,0.20020020020020018,-1.180170228855625,0.118,0.04004004004004004,0.2202202202202202,0.198,0.08008008008008008,0.3203203203203203,-2.605963565606863,-2.795736338737006
2022-11-22,bb7,0.996,0.999,0.20020020020020018,0.61791030060967,0.118,0.04004004004004004,0.2202202202202202,0.192,0.08008008008008008,0.3203203203203203,-2.633949626642111,-2.811643180517679
2022-11-23,bb7,0.996,0.999,0.20020020020020018,0.648553464659665,0.084,0.04004004004004004,0.2202202202202202,0.166,0.08008008008008008,0.3203203203203203,-2.554046023761306,-2.712063722572401
2022-11-24,bb7,0.994,0.999,0.20020020020020018,1.59172654182711,0.104,0.04004004004004004,0.2202202202202202,0.178,0.08008008008008008,0.3203203203203203,-2.4940480780064544,-2.6671492885264936
2022-11-25,bb7,0.994,0.999,0.20020020020020018,0.018890554774945,0.112,0.04004004004004004,0.2202202202202202,0.194,0.08008008008008008,0.3203203203203203,-2.46541940396903,-2.624808187348891
2022-11-28,bb7,0.992,0.998,0.20020020020020018,-0.277198381935365,0.116,0.04004004004004004,0.2202202202202202,0.19,0.08008008008008008,0.3203203203203203,-2.531827410105333,-2.683427124138142
2022-11-29,bb7,0.992,0.998,0.20020020020020018,0.1696121229056437,0.116,0.04004004004004004,0.2202202202202202,0.226,0.08008008008008008,0.3203203203203203,-2.471374928394406,-2.661445573513545
2022-11-30,bb7,0.992,0.998,0.20020020020020018,-0.322962618609395,0.12,0.04004004004004004,0.2202202202202202,0.214,0.08008008008008008,0.3203203203203203,-2.403488055340797,-2.610082653575399
2022-12-01,bb7,0.992,0.998,0.20020020020020018,1.13957173297743,0.11,0.04004004004004004,0.2202202202202202,0.184,0.08008008008008008,0.3203203203203203,-2.339037369503438,-2.5089189706917883
2022-12-02,bb7,0.99,0.994,0.20020020020020018,-0.627949241514475,0.088,0.04004004004004004,0.2202202202202202,0.176,0.08008008008008008,0.3203203203203203,-2.356590918938342,-2.493059428636102
2022-12-05,bb7,0.994,0.998,0.20020020020020018,0.852477451943185,0.114,0.04004004004004004,0.2202202202202202,0.2,0.08008008008008008,0.3203203203203203,-2.3335786887460053,-2.501475470922767
2022-12-06,bb7,0.995,0.998,0.20020020020020018,-1.50644187849987,0.086,0.04004004004004004,0.2202202202202202,0.152,0.08008008008008008,0.3203203203203203,-2.2813996335343374,-2.4233888856242998
2022-12-07,bb7,0.994,0.998,0.20020020020020018,-0.38618627951851503,0.104,0.04004004004004004,0.2202202202202202,0.172,0.08008008008008008,0.3203203203203203,-2.413378983404236,-2.593093214950881
2022-12-08,bb7,0.994,0.996,0.20020020020020018,0.831632242888005,0.114,0.04004004004004004,0.2202202202202202,0.212,0.08008008008008008,0.3203203203203203,-2.432377604286995,-2.6254242511480204
2022-12-09,bb7,0.997,0.999,0.20020020020020018,-1.199546593200775,0.122,0.04004004004004004,0.2202202202202202,0.21,0.08008008008008008,0.3203203203203203,-2.428719268887976,-2.5981130560486627
2022-12-12,bb7,0.996,0.999,0.20020020020020018,-0.9897400781786301,0.102,0.04004004004004004,0.2202202202202202,0.196,0.08008008008008008,0.3203203203203203,-2.745450026079773,-2.9291078433336626
2022-12-13,bb7,0.996,0.999,0.20020020020020018,1.1007313637025251,0.136,0.04004004004004004,0.2202202202202202,0.216,0.08008008008008008,0.3203203203203203,-2.7764306420301748,-2.9627729294046414
2022-12-14,bb7,0.994,0.998,0.20020020020020018,0.934421546668025,0.112,0.04004004004004004,0.2202202202202202,0.194,0.08008008008008008,0.3203203203203203,-2.778644018496384,-2.9428519051287494
2022-12-15,bb7,0.996,0.999,0.20020020020020018,-2.0161785785420854,0.12,0.04004004004004004,0.2202202202202202,0.174,0.08008008008008008,0.3203203203203203,-2.5994165294912484,-2.7683851138787765
2022-12-16,bb7,0.997,0.999,0.20020020020020018,-1.63093737768836,0.106,0.04004004004004004,0.2202202202202202,0.204,0.08008008008008008,0.3203203203203203,-2.897858002492053,-3.076526145046631
2022-12-19,bb7,0.994,0.998,0.20020020020020018,-0.39910312798469993,0.116,0.04004004004004004,0.2202202202202202,0.214,0.08008008008008008,0.3203203203203203,-2.920873555724227,-3.136402483994027
2022-12-20,bb7,0.997,0.999,0.20020020020020018,-0.001654893060191852,0.094,0.04004004004004004,0.2202202202202202,0.19,0.08008008008008008,0.34034034034034033,-2.809788350841813,-2.9912204287059763
2022-12-21,bb7,0.998,0.999,0.20020020020020018,-0.8479240706575649,0.132,0.04004004004004004,0.2202202202202202,0.222,0.08008008008008008,0.34034034034034033,-2.880385140099402,-3.1013935022989494
2022-12-22,bb7,0.996,0.999,0.20020020020020018,0.41232900039705506,0.102,0.04004004004004004,0.2202202202202202,0.19,0.08008008008008008,0.3203203203203203,-2.7571664274537824,-2.946251763574109
2022-12-23,bb7,0.997,0.999,0.20020020020020018,-2.488381890629385,0.118,0.04004004004004004,0.2202202202202202,0.23,0.08008008008008008,0.3203203203203203,-2.7020525100377752,-2.893455658060323
2022-12-26,bb7,0.998,1.0,0.20020020020020018,2.149460524682405,0.082,0.04004004004004004,0.2202202202202202,0.17,0.08008008008008008,0.34034034034034033,-2.9229560925300575,-3.1079674488256344
2022-12-27,bb7,0.994,0.998,0.20020020020020018,0.81296228925631,0.12,0.04004004004004004,0.2202202202202202,0.198,0.08008008008008008,0.34034034034034033,-3.0901728481031387,-3.2923435711532165
2022-12-28,bb7,0.996,0.999,0.20020020020020018,-0.226032723153275,0.142,0.04004004004004004,0.2202202202202202,0.226,0.08008008008008008,0.34034034034034033,-2.981665388511442,-3.178917466370254
2022-12-29,bb7,0.999,0.999,0.20020020020020018,1.130778907316655,0.116,0.04004004004004004,0.2202202202202202,0.234,0.08008008008008008,0.32082082082082036,-2.9486761602528175,-3.166905419224478
2022-12-30,bb7,0.999,0.999,0.20020020020020018,-0.153985885684335,0.122,0.04004004004004004,0.2202202202202202,0.198,0.08008008008008008,0.34034034034034033,-2.818971919947294,-3.0047149669244995
2023-01-02,bb7,0.999,0.999,0.20020020020020018,0.39873076211904507,0.11,0.04004004004004004,0.2202202202202202,0.18,0.08008008008008008,0.34034034034034033,-2.811007556966196,-3.006819967768353
2023-01-03,bb7,0.999,1.0,0.20020020020020018,-0.03126407684844999,0.124,0.04004004004004004,0.2202202202202202,0.22,0.08008008008008008,0.34034034034034033,-2.7580022384094462,-2.956774561032631
2023-01-04,bb7,0.999,0.999,0.20020020020020018,-1.5110468182722552,0.122,0.04004004004004004,0.2202202202202202,0.226,0.08008008008008008,0.34034034034034033,-2.6530686044470846,-2.8636353228611626
2023-01-05,bb7,0.998,0.999,0.20020020020020018,-0.668210621716365,0.13,0.04004004004004004,0.2202202202202202,0.216,0.10010010010010009,0.34034034034034033,-2.7845875483040965,-2.9671078973134235
2023-01-06,bb7,0.997,0.999,0.20020020020020018,-1.282305564215375,0.106,0.04004004004004004,0.2202202202202202,0.202,0.09959959959959962,0.34034034034034033,-2.7489835584756293,-2.9453364603425634
2023-01-09,bb7,0.998,1.0,0.20020020020020018,1.80922989751867,0.104,0.04004004004004004,0.2202202202202202,0.202,0.09959959959959962,0.34034034034034033,-2.783081360333544,-2.938446966794883
2023-01-10,bb7,0.997,0.999,0.20020020020020018,-1.540993121355605,0.118,0.04004004004004004,0.2202202202202202,0.202,0.10010010010010009,0.34034034034034033,-2.759824135649332,-2.945785223621701
2023-01-11,bb7,0.994,0.998,0.20020020020020018,0.181054419620645,0.122,0.04004004004004004,0.2202202202202202,0.204,0.10010010010010009,0.34034034034034033,-2.820129370327789,-3.024537942814404
2023-01-12,bb7,0.999,1.0,0.20020020020020018,0.16569646600244,0.142,0.04004004004004004,0.2202202202202202,0.224,0.10010010010010009,0.34034034034034033,-2.7343193380774573,-2.936971539588839
2023-01-13,bb7,0.999,1.0,0.20020020020020018,1.20754033903006,0.106,0.04004004004004004,0.2202202202202202,0.172,0.10010010010010009,0.34034034034034033,-2.675362648608297,-2.8571096768834594
2023-01-16,bb7,0.999,1.0,0.20020020020020018,0.96239377303806,0.096,0.04004004004004004,0.2202202202202202,0.164,0.10010010010010009,0.34034034034034033,-2.5866158576135527,-2.7432037227809833
2023-01-17,bb7,0.999,0.999,0.20020020020020018,-0.3835937781684301,0.11,0.04004004004004004,0.2202202202202202,0.192,0.10010010010010009,0.34034034034034033,-2.6252313516960393,-2.796316335697844
2023-01-18,bb7,0.999,1.0,0.20020020020020018,0.06462236144868,0.136,0.04004004004004004,0.2202202202202202,0.24,0.10010010010010009,0.34034034034034033,-2.6571875578148374,-2.8675599712354534
2023-01-19,bb7,0.999,1.0,0.20020020020020018,-0.346202574588975,0.134,0.04004004004004004,0.2202202202202202,0.208,0.10010010010010009,0.34034034034034033,-2.5803545614082717,-2.7806002825569855
2023-01-20,bb7,0.996,0.998,0.20020020020020018,-0.23682934289078994,0.114,0.04004004004004004,0.2202202202202202,0.22,0.10010010010010009,0.34034034034034033,-2.5237622292837223,-2.702881663005651
2023-01-23,bb7,0.999,0.999,0.20020020020020018,1.422185142158845,0.132,0.04004004004004004,0.2202202202202202,0.218,0.10010010010010009,0.34034034034034033,-2.4947046899033056,-2.655408378077396
2023-01-24,bb7,0.999,0.999,0.20020020020020018,-0.384738079272525,0.106,0.04004004004004004,0.2202202202202202,0.206,0.10010010010010009,0.34034034034034033,-2.4514793005359135,-2.6086211414576206
2023-01-25,bb7,0.999,0.999,0.20020020020020018,-2.493339147814275,0.134,0.04004004004004004,0.2202202202202202,0.208,0.10010010010010009,0.34034034034034033,-2.44646541494309,-2.6115382384375043
2023-01-27,bb7,0.996,0.997,0.20020020020020018,-3.372700499646635,0.136,0.04004004004004004,0.2202202202202202,0.218,0.10010010010010009,0.34034034034034033,-2.9462244328917997,-3.1467512024446775
2023-01-30,bb7,0.996,0.994,0.20020020020020018,0.4802821826617851,0.148,0.04004004004004004,0.2202202202202202,0.234,0.10010010010010009,0.34034034034034033,-3.8047157192472656,-4.061399632571234
2023-01-31,bb7,0.997,0.998,0.20020020020020018,1.237209527697115,0.136,0.04004004004004004,0.2202202202202202,0.226,0.10010010010010009,0.34034034034034033,-3.4837781036200695,-3.6940340001830148
2023-02-01,bb7,0.994,0.997,0.20020020020020018,-1.857432248382945,0.124,0.04004004004004004,0.2202202202202202,0.204,0.10010010010010009,0.34034034034034033,-3.3724141398002776,-3.590104522390102
2023-02-02,bb7,0.996,0.999,0.20020020020020018,1.1126123086634951,0.114,0.04004004004004004,0.2202202202202202,0.184,0.10010010010010009,0.34034034034034033,-3.7900217652730315,-3.9695285278078507
2023-02-03,student,0.996,0.999,0.20020020020020018,1.993219978275295,0.166,0.04004004004004004,0.2202202202202202,0.268,0.10010010010010009,0.34034034034034033,-3.7900105826242636,-4.033417692726884
2023-02-06,bb7,0.997,0.998,0.20020020020020018,-0.8222934124185299,0.142,0.04004004004004004,0.2202202202202202,0.238,0.10010010010010009,0.34034034034034033,-3.6638278973976597,-3.8865712774377816
2023-02-07,bb7,0.997,0.998,0.20020020020020018,-0.082251054409375,0.132,0.04004004004004004,0.2202202202202202,0.212,0.10010010010010009,0.34034034034034033,-3.5895560351364577,-3.801823016469814
2023-02-08,bb7,0.998,0.998,0.20020020020020018,1.1328794014344301,0.138,0.04004004004004004,0.2202202202202202,0.234,0.10010010010010009,0.34034034034034033,-3.5238817091387227,-3.7435942044963757
2023-02-09,bb7,0.997,0.998,0.20020020020020018,0.921598036171725,0.12,0.04004004004004004,0.2202202202202202,0.202,0.10010010010010009,0.34034034034034033,-3.4025739174484286,-3.6270612592738356
2023-02-10,bb7,0.997,0.997,0.20020020020020018,-0.05812880805240497,0.1,0.04004004004004004,0.2202202202202202,0.198,0.10010010010010009,0.34034034034034033,-3.183592893180451,-3.3766094286022876
2023-02-13,bb7,0.999,0.999,0.20020020020020018,-2.720136025354085,0.108,0.04004004004004004,0.2202202202202202,0.208,0.10010010010010009,0.34034034034034033,-3.1632862896424006,-3.3710948991942624
2023-02-14,bb7,0.992,0.994,0.20020020020020018,1.12696094303481,0.094,0.04004004004004004,0.2202202202202202,0.194,0.10010010010010009,0.34034034034034033,-3.415669175644401,-3.61967678110662
2023-02-15,bb7,0.997,0.998,0.20020020020020018,0.24837232509621499,0.114,0.04004004004004004,0.2202202202202202,0.192,0.10010010010010009,0.34034034034034033,-3.245752599020728,-3.462300127040542
2023-02-16,bb7,0.998,0.998,0.20020020020020018,-0.05016529129475003,0.134,0.04004004004004004,0.2202202202202202,0.228,0.10010010010010009,0.34034034034034033,-3.20152324664399,-3.4108260675919344
2023-02-17,bb7,0.998,0.998,0.20020020020020018,-1.4146489878536999,0.12,0.04004004004004004,0.2202202202202202,0.21,0.10010010010010009,0.34034034034034033,-3.035188920058267,-3.271241901508587
2023-02-20,bb7,0.997,0.997,0.20020020020020018,-0.28157181296821,0.124,0.04004004004004004,0.2202202202202202,0.214,0.10010010010010009,0.34034034034034033,-3.1327857333200275,-3.3289342815430114
2023-02-21,bb7,0.997,0.998,0.20020020020020018,-0.570397034810295,0.1,0.04004004004004004,0.2202202202202202,0.192,0.10010010010010009,0.34034034034034033,-3.0354964653662955,-3.2220128260134353
2023-02-22,bb7,0.996,0.998,0.20020020020020018,-1.2462995031585,0.118,0.04004004004004004,0.2202202202202202,0.224,0.10010010010010009,0.34034034034034033,-2.918928199759315,-3.140271979960923
2023-02-23,bb7,0.996,0.998,0.20020020020020018,0.09163297141180005,0.1,0.04004004004004004,0.2202202202202202,0.196,0.10010010010010009,0.34034034034034033,-2.87533309831141,-3.076230150285974
2023-02-24,bb7,0.995,0.998,0.20020020020020018,0.0031879104006563366,0.122,0.04004004004004004,0.2202202202202202,0.246,0.10010010010010009,0.34034034034034033,-2.8839961253751683,-3.0995326924486335
2023-02-27,bb7,0.998,0.999,0.20020020020020018,-0.71730893151779,0.12,0.04004004004004004,0.2202202202202202,0.216,0.10010010010010009,0.34034034034034033,-2.7963500874943485,-3.000203280021489
2023-02-28,bb7,0.997,0.999,0.20020020020020018,-1.192224619232235,0.136,0.04004004004004004,0.2202202202202202,0.246,0.10010010010010009,0.34034034034034033,-2.964558475140006,-3.1961326311743243
2023-03-01,bb7,0.997,0.998,0.20020020020020018,1.596899873831305,0.126,0.04004004004004004,0.2202202202202202,0.21,0.10010010010010009,0.34034034034034033,-2.9563680097309235,-3.165800916335168
2023-03-02,bb7,0.996,0.999,0.20020020020020018,-1.08079377595886,0.116,0.04004004004004004,0.2202202202202202,0.184,0.10010010010010009,0.34034034034034033,-2.838714737021027,-3.037576159923159
2023-03-03,bb7,0.989,0.992,0.20020020020020018,2.749746822897805,0.132,0.04004004004004004,0.2202202202202202,0.198,0.10010010010010009,0.34034034034034033,-2.926182169120084,-3.1051667758664543
2023-03-06,bb7,0.989,0.994,0.20020020020020018,0.987036357631795,0.11,0.04004004004004004,0.2202202202202202,0.206,0.10010010010010009,0.34034034034034033,-3.1501807033370417,-3.3959688085831985
2023-03-08,bb7,0.989,0.994,0.20020020020020018,-0.21645730335851004,0.092,0.04004004004004004,0.2202202202202202,0.174,0.10010010010010009,0.34034034034034033,-3.0487033487254984,-3.2521879497539774
2023-03-09,bb7,0.992,0.996,0.20020020020020018,-0.938758324376245,0.124,0.04004004004004004,0.2202202202202202,0.232,0.10010010010010009,0.34034034034034033,-3.0331663862159752,-3.2516861049342234
2023-03-10,bb7,0.992,0.996,0.20020020020020018,-1.3439114490655502,0.146,0.04004004004004004,0.2202202202202202,0.224,0.10010010010010009,0.34034034034034033,-3.067503485828671,-3.2882375186962745
2023-03-13,bb7,0.996,0.998,0.20020020020020018,-2.86466016576632,0.114,0.04004004004004004,0.2202202202202202,0.178,0.10010010010010009,0.34034034034034033,-2.971214255897096,-3.166551378101244
2023-03-14,bb7,0.992,0.994,0.2202202202202202,-0.9647392543726301,0.118,0.04004004004004004,0.2202202202202202,0.198,0.10010010010010009,0.34034034034034033,-3.3711302108733907,-3.5751220090825884
2023-03-15,bb7,0.998,0.999,0.2202202202202202,-0.76501261869064,0.12,0.04004004004004004,0.2202202202202202,0.236,0.10010010010010009,0.34034034034034033,-3.3450975225209567,-3.6094960164171876
2023-03-16,bb7,0.994,0.996,0.2202202202202202,0.11626732119855998,0.142,0.04004004004004004,0.2202202202202202,0.25,0.10010010010010009,0.34034034034034033,-3.361905403998916,-3.59492653964062
2023-03-17,bb7,0.994,0.996,0.2202202202202202,1.09036855828482,0.098,0.04004004004004004,0.2202202202202202,0.176,0.10010010010010009,0.34034034034034033,-3.1123575113061523,-3.360357189201477
2023-03-20,bb7,0.994,0.996,0.2202202202202202,-1.614206955596845,0.112,0.04004004004004004,0.2202202202202202,0.226,0.10010010010010009,0.34034034034034033,-3.087167075407097,-3.329989393763902
2023-03-21,bb7,0.992,0.994,0.2202202202202202,-0.20889357507585,0.13,0.04004004004004004,0.2202202202202202,0.21,0.10010010010010009,0.34034034034034033,-3.1801058236811532,-3.4045296216459273
2023-03-22,bb7,0.992,0.996,0.2202202202202202,-0.080903436127755,0.096,0.04004004004004004,0.2202202202202202,0.174,0.10010010010010009,0.34034034034034033,-3.0332226419559225,-3.2391286438410196
2023-03-23,bb7,0.992,0.997,0.2202202202202202,-1.382713384751535,0.116,0.04004004004004004,0.2202202202202202,0.22,0.10010010010010009,0.34034034034034033,-3.0118537054936088,-3.200645252763833
2023-03-24,bb7,0.992,0.998,0.2202202202202202,-0.5054596880563951,0.114,0.04004004004004004,0.2202202202202202,0.2,0.10010010010010009,0.34034034034034033,-2.9975618331131626,-3.1948428654557883
2023-03-27,bb7,0.998,0.999,0.2202202202202202,0.77235728291152,0.142,0.04004004004004004,0.2202202202202202,0.256,0.10010010010010009,0.34034034034034033,-3.0938798852205434,-3.333667609506203
2023-03-28,bb7,0.994,0.997,0.2202202202202202,-0.611588885570465,0.136,0.04004004004004004,0.2202202202202202,0.21,0.10010010010010009,0.34034034034034033,-2.9078678111842144,-3.10972216874082
2023-03-29,bb7,0.997,0.999,0.2202202202202202,1.035347202932535,0.128,0.04004004004004004,0.24024024024024024,0.198,0.10010010010010009,0.34034034034034033,-2.82046472240691,-3.0131010273795313
2023-03-31,bb7,0.992,0.996,0.2202202202202202,2.276311203149705,0.114,0.04004004004004004,0.2202202202202202,0.206,0.10010010010010009,0.34034034034034033,-2.759516461415985,-2.9090178745707953
2023-04-03,student,0.997,0.999,0.2202202202202202,-0.31679297042881,0.1,0.04004004004004004,0.24024024024024024,0.168,0.10010010010010009,0.34034034034034033,-2.7121320218750418,-2.8708088130790266
2023-04-05,bb7,0.992,0.997,0.2202202202202202,0.09084481110559,0.138,0.04004004004004004,0.24024024024024024,0.23,0.10010010010010009,0.34034034034034033,-2.774187140487843,-2.9481643727819753
2023-04-06,bb7,0.998,0.967,0.2202202202202202,0.38460031981389503,0.114,0.04004004004004004,0.2202202202202202,0.19,0.10010010010010009,0.34034034034034033,-2.6700711134693855,-2.841014401292833
2023-04-10,bb7,0.998,0.963,0.2202202202202202,0.07193878740558501,0.124,0.04004004004004004,0.2202202202202202,0.232,0.10010010010010009,0.34034034034034033,-2.6969120023185473,-2.879296244067159
2023-04-11,bb7,0.998,0.965,0.2202202202202202,-0.20895944764696994,0.118,0.04004004004004004,0.2202202202202202,0.214,0.10010010010010009,0.34034034034034033,-2.6065051647834925,-2.766165112834638
2023-04-12,bb7,0.998,0.962,0.2202202202202202,0.4136556454461349,0.116,0.04004004004004004,0.2202202202202202,0.19,0.10010010010010009,0.34034034034034033,-2.5881237112358275,-2.7578314413434843
2023-04-13,bb7,0.994,0.999,0.2202202202202202,-0.9402218456790601,0.108,0.04004004004004004,0.24024024024024024,0.21,0.10010010010010009,0.34034034034034033,-2.6242398419602266,-2.819028916152491
2023-04-17,bb7,0.992,0.999,0.2202202202202202,-3.9222315428598598,0.132,0.04004004004004004,0.2202202202202202,0.216,0.10010010010010009,0.34034034034034033,-2.8219230794197503,-3.0095214638201906
2023-04-18,bb7,0.994,0.999,0.2202202202202202,0.21145095391684,0.118,0.04004004004004004,0.24024024024024024,0.188,0.10010010010010009,0.34034034034034033,-5.260808426877664,-5.507965694222935
2023-04-19,bb7,0.994,0.999,0.2202202202202202,-1.600703428488595,0.11,0.04004004004004004,0.2202202202202202,0.188,0.10010010010010009,0.34034034034034033,-4.979097550748978,-5.213665060361832
2023-04-20,bb7,0.992,0.999,0.2202202202202202,0.056346005539874955,0.124,0.04004004004004004,0.2202202202202202,0.204,0.10010010010010009,0.34034034034034033,-4.8416887235170805,-5.057400287926047
2023-04-21,bb7,0.988,0.997,0.2202202202202202,0.009518480200504997,0.12,0.04004004004004004,0.2202202202202202,0.206,0.10010010010010009,0.34034034034034033,-4.484395549193734,-4.7788659646608815
2023-04-24,bb7,0.992,0.999,0.2202202202202202,1.0002801311180949,0.148,0.04004004004004004,0.2202202202202202,0.216,0.10010010010010009,0.34034034034034033,-4.2784546956325045,-4.534694495980246
2023-04-25,bb7,0.996,0.998,0.2202202202202202,0.58781659684913,0.138,0.04004004004004004,0.2202202202202202,0.232,0.10010010010010009,0.34034034034034033,-4.030973898337888,-4.269417810103133
2023-04-26,bb7,0.992,0.998,0.2202202202202202,0.51137337777169,0.122,0.04004004004004004,0.2202202202202202,0.204,0.10010010010010009,0.34034034034034033,-3.804136084115191,-4.0016690394412935
2023-04-27,bb7,0.992,0.998,0.2202202202202202,0.61448315326516,0.108,0.04004004004004004,0.2202202202202202,0.182,0.10010010010010009,0.34034034034034033,-3.6071154923760096,-3.737423195338287
2023-04-28,bb7,0.996,0.961,0.2202202202202202,1.445589552334275,0.106,0.04004004004004004,0.2202202202202202,0.17,0.10010010010010009,0.34034034034034033,-3.4542276955061517,-3.5979810705693
2023-05-02,bb7,0.994,0.998,0.2202202202202202,0.7161720460926,0.1,0.04004004004004004,0.2202202202202202,0.186,0.10010010010010009,0.34034034034034033,-3.446597879277333,-3.6396070447134763
2023-05-03,bb7,0.991,0.996,0.2202202202202202,-0.744846793746085,0.138,0.04004004004004004,0.2202202202202202,0.236,0.10010010010010009,0.34034034034034033,-3.2986271403589287,-3.555739805805699
2023-05-04,bb7,0.991,0.996,0.2202202202202202,0.998804941996755,0.122,0.04004004004004004,0.2202202202202202,0.212,0.10010010010010009,0.34034034034034033,-3.2618041407858454,-3.5016807742517413
2023-05-05,bb7,0.994,0.998,0.2202202202202202,-0.8731987986193901,0.114,0.04004004004004004,0.2202202202202202,0.2,0.10010010010010009,0.34034034034034033,-3.1025613894079513,-3.261570183285609
2023-05-08,bb7,0.994,0.999,0.2202202202202202,0.8694789317347351,0.144,0.04004004004004004,0.2202202202202202,0.228,0.10010010010010009,0.34034034034034033,-3.0193869004876106,-3.197018910741376
2023-05-09,bb7,0.994,0.999,0.2202202202202202,-0.671819628059845,0.094,0.04004004004004004,0.2202202202202202,0.172,0.10010010010010009,0.34034034034034033,-2.8900742111481925,-3.0496166741753004
2023-05-10,bb7,0.991,0.996,0.2202202202202202,-0.40747128168923996,0.144,0.04004004004004004,0.2202202202202202,0.24,0.10010010010010009,0.34034034034034033,-2.907547693491041,-3.1479054565956006
2023-05-11,bb7,0.992,0.996,0.2202202202202202,-0.17469477786512502,0.138,0.04004004004004004,0.2202202202202202,0.218,0.10010010010010009,0.34034034034034033,-2.7759785914174655,-2.9820461173007833
2023-05-12,bb7,0.991,0.996,0.2202202202202202,-0.027650550715874966,0.146,0.04004004004004004,0.2202202202202202,0.242,0.10010010010010009,0.34034034034034033,-2.77061915156744,-2.979999631418913
2023-05-15,bb7,0.991,0.996,0.2202202202202202,0.8485194496910349,0.102,0.04004004004004004,0.2202202202202202,0.192,0.10010010010010009,0.34034034034034033,-2.6553928832640064,-2.8151787626911955
2023-05-16,bb7,0.994,0.998,0.2202202202202202,0.61251278270044,0.164,0.04004004004004004,0.2202202202202202,0.254,0.10010010010010009,0.34034034034034033,-2.7109414119520414,-2.9236520142537823
2023-05-17,bb7,0.992,0.999,0.2202202202202202,-0.692915994035285,0.118,0.04004004004004004,0.2202202202202202,0.22,0.10010010010010009,0.34034034034034033,-2.585608776354288,-2.762761683082483
2023-05-18,bb7,0.992,0.997,0.2202202202202202,-1.07878579450085,0.116,0.04004004004004004,0.2202202202202202,0.194,0.10010010010010009,0.34034034034034033,-2.5155464627872113,-2.714249427939365
2023-05-19,bb7,0.993,0.998,0.2202202202202202,0.993257741251405,0.146,0.04004004004004004,0.2202202202202202,0.252,0.10010010010010009,0.34034034034034033,-2.6676459495714564,-2.9007359621119777
2023-05-22,bb7,0.991,0.996,0.2202202202202202,1.10657992165423,0.13,0.04004004004004004,0.2202202202202202,0.21,0.10010010010010009,0.34034034034034033,-2.697416800712441,-2.920698785182939
2023-05-23,bb7,0.994,0.998,0.2202202202202202,0.6636361307491501,0.098,0.04004004004004004,0.2202202202202202,0.192,0.10010010010010009,0.34034034034034033,-2.6382331835396324,-2.8385342516163328
2023-05-24,bb7,0.988,0.994,0.2202202202202202,0.04060914654028,0.11,0.04004004004004004,0.2202202202202202,0.19,0.10010010010010009,0.34034034034034033,-2.535595217096851,-2.687418859340041
2023-05-25,bb7,0.991,0.995,0.2202202202202202,0.09439597341606998,0.152,0.04004004004004004,0.24024024024024024,0.248,0.10010010010010009,0.34034034034034033,-2.5302957779735036,-2.7459375037301017
2023-05-26,bb7,0.988,0.99,0.2202202202202202,0.9066026769685451,0.132,0.04004004004004004,0.24024024024024024,0.218,0.10010010010010009,0.34034034034034033,-2.5160267506156515,-2.681786371566082
2023-05-29,bb7,0.996,0.998,0.2202202202202202,0.646203004613975,0.142,0.04004004004004004,0.24024024024024024,0.246,0.10010010010010009,0.34034034034034033,-2.4677929539298162,-2.672124845198455
2023-05-30,bb7,0.988,0.992,0.2202202202202202,0.172966934940125,0.13,0.04004004004004004,0.2202202202202202,0.208,0.10010010010010009,0.34034034034034033,-2.4144109884259017,-2.59489366515279
2023-05-31,bb7,0.986,0.991,0.2202202202202202,-0.352130548757225,0.118,0.04004004004004004,0.2202202202202202,0.222,0.10010010010010009,0.34034034034034033,-2.4200329827866423,-2.6007530224888296
2023-06-01,bb7,0.992,0.994,0.2202202202202202,0.294940869560835,0.13,0.04004004004004004,0.2202202202202202,0.21,0.10010010010010009,0.34034034034034033,-2.3044837440582406,-2.4521025054673324
2023-06-02,bb7,0.994,0.998,0.2202202202202202,0.26501772062733503,0.124,0.04004004004004004,0.2202202202202202,0.184,0.10010010010010009,0.34034034034034033,-2.260771319759992,-2.3904468687066727
2023-06-05,bb7,0.994,0.998,0.2202202202202202,0.21125321748030498,0.14,0.04004004004004004,0.2202202202202202,0.222,0.10010010010010009,0.34034034034034033,-2.2552362819671288,-2.424235937698849
2023-06-06,bb7,0.995,0.998,0.2202202202202202,-1.144838108104645,0.114,0.04004004004004004,0.2202202202202202,0.202,0.10010010010010009,0.34034034034034033,-2.183569311153814,-2.337415287951523
2023-06-07,bb7,0.996,0.999,0.2202202202202202,0.7152511388822049,0.102,0.04004004004004004,0.2202202202202202,0.208,0.10010010010010009,0.34034034034034033,-2.4379526410031778,-2.5631840999155533
2023-06-08,bb7,0.996,0.999,0.2202202202202202,-0.29857236162521,0.1,0.04004004004004004,0.2202202202202202,0.192,0.10010010010010009,0.34034034034034033,-2.341023632700383,-2.503907924388665
2023-06-09,bb7,0.999,0.969,0.2202202202202202,-1.50076029591602,0.15,0.04004004004004004,0.24024024024024024,0.238,0.10010010010010009,0.34034034034034033,-2.304492385171613,-2.4888247253838274
2023-06-12,bb7,0.992,0.998,0.2202202202202202,1.0121856873067547,0.12,0.04004004004004004,0.24024024024024024,0.214,0.10010010010010009,0.34034034034034033,-2.461140655334877,-2.6211796460391183
2023-06-13,bb7,0.997,0.999,0.2202202202202202,0.301970408381385,0.128,0.04004004004004004,0.2202202202202202,0.21,0.10010010010010009,0.34034034034034033,-2.4468865237468953,-2.630221539737752
2023-06-14,bb7,0.997,0.999,0.2202202202202202,-0.15779653380921999,0.134,0.04004004004004004,0.2202202202202202,0.218,0.10010010010010009,0.34034034034034033,-2.4194363314088547,-2.5931449027408897
2023-06-15,bb7,0.998,0.968,0.2202202202202202,-1.4049226547136349,0.106,0.04004004004004004,0.22072072072072024,0.19,0.10010010010010009,0.34034034034034033,-2.2980865456704533,-2.43624611350019
2023-06-16,bb7,0.999,0.975,0.2202202202202202,0.6055937650325649,0.126,0.04004004004004004,0.24024024024024024,0.204,0.10010010010010009,0.34034034034034033,-2.4591982066468723,-2.6528888860064765
2023-06-19,bb7,0.996,0.967,0.2202202202202202,-0.11962624355191502,0.118,0.04004004004004004,0.24024024024024024,0.21,0.10010010010010009,0.34034034034034033,-2.443801931566679,-2.6068594489526777
2023-06-20,bb7,0.997,0.97,0.2202202202202202,0.23429659039454503,0.096,0.04004004004004004,0.24024024024024024,0.176,0.10010010010010009,0.34034034034034033,-2.324385622868946,-2.502296726546252
2023-06-21,bb7,0.991,0.998,0.2202202202202202,-0.248228614994775,0.124,0.04004004004004004,0.2202202202202202,0.242,0.10010010010010009,0.34034034034034033,-2.32519663144739,-2.4938216039149856
2023-06-22,bb7,0.991,0.998,0.2202202202202202,-0.9907613022875499,0.124,0.04004004004004004,0.22072072072072024,0.196,0.10010010010010009,0.34034034034034033,-2.3482573856193216,-2.4882654721239197
2023-06-23,bb7,0.991,0.999,0.2202202202202202,-1.397095941470205,0.118,0.04004004004004004,0.22072072072072024,0.214,0.10010010010010009,0.34034034034034033,-2.3497920665738428,-2.5173498446745617
2023-06-26,bb7,0.991,0.999,0.2202202202202202,0.43140601628092,0.126,0.04004004004004004,0.24024024024024024,0.198,0.10010010010010009,0.34034034034034033,-2.4664785447792292,-2.6187842218205004
2023-06-27,bb7,0.991,0.999,0.2202202202202202,1.15095904938211,0.118,0.04004004004004004,0.24024024024024024,0.198,0.10010010010010009,0.34034034034034033,-2.4435919547533125,-2.5844154733388662
2023-06-28,bb7,0.999,0.972,0.2202202202202202,0.877734176309265,0.108,0.04004004004004004,0.24024024024024024,0.234,0.10010010010010009,0.34034034034034033,-2.456006789474637,-2.6167328661450093
2023-06-30,bb7,0.991,0.999,0.2202202202202202,1.8704215899670398,0.158,0.04004004004004004,0.24024024024024024,0.236,0.10010010010010009,0.34034034034034033,-2.4012666654538277,-2.573115515964313
2023-07-03,bb7,0.991,0.999,0.2202202202202202,1.020413669354145,0.11,0.04004004004004004,0.24024024024024024,0.2,0.10010010010010009,0.34034034034034033,-2.488895248800051,-2.6473195668882816
2023-07-04,bb7,0.992,1.0,0.2202202202202202,0.7509078590599501,0.136,0.04004004004004004,0.24024024024024024,0.226,0.10010010010010009,0.34034034034034033,-2.4052174139369416,-2.5778080295020263
2023-07-05,bb7,0.992,1.0,0.2202202202202202,0.19427011877788497,0.108,0.04004004004004004,0.24024024024024024,0.196,0.10010010010010009,0.34034034034034033,-2.3436151098299423,-2.482854499562378
2023-07-06,bb7,0.992,1.0,0.2202202202202202,0.03425931832980497,0.162,0.04004004004004004,0.24024024024024024,0.23,0.10010010010010009,0.34034034034034033,-2.3794068057708455,-2.551643506688166
2023-07-07,bb7,0.999,0.969,0.2202202202202202,-0.41958419565126004,0.108,0.04004004004004004,0.24024024024024024,0.204,0.10010010010010009,0.34034034034034033,-2.3341112648767535,-2.4735152841161296
2023-07-10,bb7,0.998,0.969,0.2202202202202202,-0.12378265296223499,0.1,0.04004004004004004,0.24024024024024024,0.198,0.10010010010010009,0.34034034034034033,-2.1769179768189506,-2.308925833023006
2023-07-11,bb7,0.999,0.973,0.2202202202202202,0.3834772014856399,0.104,0.04004004004004004,0.24024024024024024,0.194,0.10010010010010009,0.34034034034034033,-2.255805947584785,-2.396864198149458
2023-07-12,bb7,0.992,1.0,0.2202202202202202,-0.5110558308049901,0.12,0.04004004004004004,0.24024024024024024,0.194,0.10010010010010009,0.34034034034034033,-2.2524208650898063,-2.3906981854210736
2023-07-13,bb7,0.992,1.0,0.2202202202202202,0.8721139818726651,0.114,0.04004004004004004,0.24024024024024024,0.22,0.10010010010010009,0.34034034034034033,-2.2914568734291496,-2.4523972818969297
2023-07-14,bb7,0.988,1.0,0.2202202202202202,2.073699301443935,0.134,0.04004004004004004,0.24024024024024024,0.232,0.10010010010010009,0.34034034034034033,-2.4198039819595536,-2.576044508690071
2023-07-17,bb7,0.99,1.0,0.2202202202202202,1.3034694820688548,0.114,0.04004004004004004,0.24024024024024024,0.202,0.10010010010010009,0.34034034034034033,-2.504107347628334,-2.6556004757173266
2023-07-18,bb7,0.992,1.0,0.2202202202202202,1.0698918831227,0.118,0.04004004004004004,0.24024024024024024,0.222,0.10010010010010009,0.34034034034034033,-2.5094880952462173,-2.6870523064874012
2023-07-19,bb7,0.991,1.0,0.2202202202202202,0.753814773419645,0.112,0.04004004004004004,0.24024024024024024,0.214,0.10010010010010009,0.34034034034034033,-2.7078748518670914,-2.9002414857910535
2023-07-20,bb7,0.999,0.99,0.2202202202202202,-0.160395024996,0.152,0.04004004004004004,0.24024024024024024,0.232,0.10010010010010009,0.34034034034034033,-2.653157586233796,-2.8399601822667475
2023-07-21,bb7,0.999,0.984,0.2202202202202202,-3.8296803033541096,0.126,0.04004004004004004,0.24024024024024024,0.232,0.10010010010010009,0.34034034034034033,-2.6528657368913704,-2.8393576531352256
2023-07-24,bb7,0.999,0.988,0.2202202202202202,0.3942477397614,0.12,0.04004004004004004,0.24024024024024024,0.206,0.10010010010010009,0.34034034034034033,-4.753575429185517,-4.946873660709554
2023-07-25,bb7,1.0,0.991,0.2202202202202202,-0.73082132248699,0.116,0.04004004004004004,0.2202202202202202,0.226,0.10010010010010009,0.34034034034034033,-4.504165573346873,-4.6665595004727605
2023-07-26,bb7,0.999,0.988,0.2202202202202202,0.9841986495193351,0.106,0.04004004004004004,0.2202202202202202,0.184,0.10010010010010009,0.34034034034034033,-4.263663633175809,-4.40344523394484
2023-07-27,bb7,0.999,0.984,0.2202202202202202,0.272804601308375,0.13,0.04004004004004004,0.24024024024024024,0.234,0.10010010010010009,0.34034034034034033,-3.8886508888701385,-4.123475443272272
2023-07-28,bb7,0.999,0.983,0.2202202202202202,-0.5101926552002849,0.102,0.04004004004004004,0.24024024024024024,0.192,0.10010010010010009,0.34034034034034033,-3.671137903041713,-3.818884518228697
2023-07-31,bb7,0.999,0.982,0.2202202202202202,0.8994657138709101,0.154,0.04004004004004004,0.24024024024024024,0.246,0.10010010010010009,0.34034034034034033,-3.5152757035176903,-3.7485114290642376
2023-08-01,bb7,0.999,0.985,0.2202202202202202,-0.32860330945683003,0.128,0.04004004004004004,0.24024024024024024,0.216,0.10010010010010009,0.34034034034034033,-3.1021670461581343,-3.283239645569024
2023-08-02,bb7,0.999,0.985,0.2202202202202202,-1.413960156006885,0.142,0.04004004004004004,0.24024024024024024,0.228,0.10010010010010009,0.34034034034034033,-3.2301118813528777,-3.420734198451085
2023-08-03,bb7,0.999,0.978,0.2202202202202202,-0.39487796814337506,0.13,0.04004004004004004,0.24024024024024024,0.234,0.10010010010010009,0.34034034034034033,-3.195360118382052,-3.426508305213207
2023-08-04,bb7,0.999,0.977,0.2202202202202202,-0.9657501017957,0.136,0.04004004004004004,0.24024024024024024,0.224,0.10010010010010009,0.34034034034034033,-3.1336447423003975,-3.484843765902575
2023-08-07,bb7,0.999,0.979,0.20020020020020018,0.05544901624336995,0.128,0.04004004004004004,0.2202202202202202,0.22,0.10010010010010009,0.34034034034034033,-3.0694776142285307,-3.308227952269247
2023-08-08,bb7,0.999,0.981,0.20020020020020018,0.35512375369500504,0.142,0.04004004004004004,0.2202202202202202,0.224,0.10010010010010009,0.34034034034034033,-3.0307175760890885,-3.2387906496522865
2023-08-09,bb7,0.998,0.981,0.18018018018018017,0.20751904043815,0.12,0.04004004004004004,0.24024024024024024,0.18,0.10010010010010009,0.34034034034034033,-2.7539934580553935,-2.9347207299563265
2023-08-10,bb7,0.999,0.985,0.18018018018018017,-0.199119633554975,0.11,0.04004004004004004,0.2202202202202202,0.21,0.10010010010010009,0.34034034034034033,-2.7616639408647288,-2.9528624549700306
2023-08-11,bb7,0.999,0.99,0.20020020020020018,-0.5812303935983599,0.116,0.04004004004004004,0.2202202202202202,0.196,0.10010010010010009,0.34034034034034033,-2.730532821470072,-2.94955887542381
2023-08-14,bb7,0.999,0.99,0.20020020020020018,-0.3916107340019349,0.14,0.04004004004004004,0.2202202202202202,0.228,0.10010010010010009,0.34034034034034033,-2.6815034400577926,-2.871790880219237
2023-08-16,bb7,0.999,0.988,0.20020020020020018,1.291301353955145,0.112,0.04004004004004004,0.2202202202202202,0.216,0.10010010010010009,0.34034034034034033,-2.8485213569481727,-3.053562284887896
2023-08-17,bb7,0.999,0.988,0.20020020020020018,0.35223523297864506,0.13,0.04004004004004004,0.2202202202202202,0.2,0.10010010010010009,0.34034034034034033,-2.7738037946834413,-2.957073723145894
2023-08-18,bb7,0.999,0.99,0.20020020020020018,-0.742550217513445,0.126,0.04004004004004004,0.2202202202202202,0.23,0.10010010010010009,0.34034034034034033,-2.7305445861996107,-2.9309158076946424
2023-08-21,bb7,0.999,0.992,0.20020020020020018,0.48489029326619004,0.112,0.04004004004004004,0.2202202202202202,0.19,0.10010010010010009,0.34034034034034033,-2.733076491837922,-2.880049954700724
2023-08-22,bb7,0.999,0.992,0.20020020020020018,-0.33939556139139504,0.126,0.04004004004004004,0.2202202202202202,0.206,0.10010010010010009,0.34034034034034033,-2.7220959065701438,-2.907135436205002
2023-08-23,bb7,0.999,0.993,0.20020020020020018,0.882763001629645,0.126,0.04004004004004004,0.2202202202202202,0.216,0.10010010010010009,0.34034034034034033,-2.6285400867824245,-2.7795124502868376
2023-08-24,bb7,0.999,0.995,0.20020020020020018,0.5570318480395449,0.106,0.04004004004004004,0.2202202202202202,0.192,0.10010010010010009,0.34034034034034033,-2.5515095248357484,-2.773880623892576
2023-08-25,bb7,0.999,0.992,0.20020020020020018,-0.733418128314095,0.108,0.04004004004004004,0.2202202202202202,0.172,0.10010010010010009,0.34034034034034033,-2.5129151788648034,-2.6673088758405736
2023-08-28,bb7,0.999,0.993,0.20020020020020018,0.09683223398356,0.114,0.04004004004004004,0.24024024024024024,0.188,0.10010010010010009,0.34034034034034033,-2.5504672147269747,-2.69592247878911
2023-08-29,bb7,0.999,0.993,0.20020020020020018,0.244854149997545,0.098,0.04004004004004004,0.2202202202202202,0.192,0.10010010010010009,0.34034034034034033,-2.3825058664973455,-2.5710128474536713
2023-08-30,bb7,0.999,0.994,0.20020020020020018,-0.03878674965292506,0.094,0.04004004004004004,0.24024024024024024,0.178,0.10010010010010009,0.34034034034034033,-2.3604543251512786,-2.5064370180738855
2023-08-31,bb7,0.999,0.995,0.20020020020020018,-0.525550574433755,0.136,0.04004004004004004,0.2202202202202202,0.24,0.10010010010010009,0.34034034034034033,-2.5552619284429277,-2.718352033294164
2023-09-01,bb7,0.999,0.995,0.20020020020020018,1.016834826043105,0.122,0.04004004004004004,0.2202202202202202,0.21,0.10010010010010009,0.34034034034034033,-2.440399936483364,-2.628544106153714
2023-09-04,bb7,0.997,0.993,0.20020020020020018,1.25449024016427,0.138,0.04004004004004004,0.24024024024024024,0.2,0.10010010010010009,0.34034034034034033,-2.448699723948445,-2.582007713561052
2023-09-05,bb7,0.998,0.995,0.20020020020020018,0.24674145024535496,0.148,0.04004004004004004,0.24024024024024024,0.218,0.10010010010010009,0.34034034034034033,-2.4493014604183236,-2.5962183366289318
2023-09-06,bb7,0.998,0.993,0.20020020020020018,-0.26768189074676,0.116,0.04004004004004004,0.24024024024024024,0.21,0.10010010010010009,0.34034034034034033,-2.4347741315347053,-2.5889179903761437
2023-09-07,bb7,0.998,0.995,0.20020020020020018,0.361611095963735,0.124,0.04004004004004004,0.22072072072072024,0.198,0.10010010010010009,0.34034034034034033,-2.3778768383698026,-2.5572832103062346
2023-09-08,bb7,0.999,0.997,0.20020020020020018,0.49430450063336,0.12,0.04004004004004004,0.24024024024024024,0.212,0.10010010010010009,0.34034034034034033,-2.3499385607682073,-2.4949037407927115
2023-09-11,student,0.999,0.997,0.20020020020020018,0.9345654177565401,0.156,0.04004004004004004,0.22072072072072024,0.24,0.10010010010010009,0.34034034034034033,-2.2895946670284073,-2.4837368881462942
2023-09-12,bb7,0.998,0.998,0.20020020020020018,0.54399259959401,0.128,0.04004004004004004,0.24024024024024024,0.21,0.10010010010010009,0.34034034034034033,-2.329016970661253,-2.4738060434139744
2023-09-13,bb7,0.987,0.984,0.20020020020020018,0.591994954450925,0.1,0.04004004004004004,0.22072072072072024,0.2,0.10010010010010009,0.34034034034034033,-2.3250151158483896,-2.4847892410895693
2023-09-14,bb7,0.998,0.998,0.20020020020020018,0.357352799976525,0.1,0.04004004004004004,0.2202202202202202,0.202,0.10010010010010009,0.34034034034034033,-2.310481951197243,-2.4408660716503645
2023-09-15,bb7,0.999,0.999,0.20020020020020018,0.27946314256754,0.122,0.04004004004004004,0.2202202202202202,0.22,0.10010010010010009,0.34034034034034033,-2.289783679643373,-2.4698714043433685
2023-09-18,bb7,0.997,0.998,0.20020020020020018,-0.23107361437295998,0.128,0.04004004004004004,0.24024024024024024,0.212,0.10010010010010009,0.34034034034034033,-2.1813497218973605,-2.348088556969683
2023-09-20,bb7,0.997,0.997,0.20020020020020018,-0.28848764898398005,0.126,0.04004004004004004,0.2202202202202202,0.212,0.10010010010010009,0.34034034034034033,-2.2603876501566895,-2.428815124653628
2023-09-21,bb7,0.997,0.997,0.20020020020020018,-0.7046002806331799,0.12,0.04004004004004004,0.2202202202202202,0.19,0.10010010010010009,0.34034034034034033,-2.1585541442278675,-2.307351236419971
2023-09-22,bb7,0.998,0.998,0.20020020020020018,0.656181493870865,0.118,0.04004004004004004,0.2202202202202202,0.206,0.10010010010010009,0.34034034034034033,-2.354672636062696,-2.5467744169594764
2023-09-25,bb7,0.998,0.998,0.20020020020020018,-1.08458823236611,0.112,0.04004004004004004,0.2202202202202202,0.206,0.10010010010010009,0.34034034034034033,-2.341233036258166,-2.5374628110346857
2023-09-26,bb7,0.998,0.998,0.20020020020020018,-0.43054263258765,0.134,0.04004004004004004,0.2202202202202202,0.216,0.10010010010010009,0.34034034034034033,-2.470319826003276,-2.6561962969473383
2023-09-27,bb7,0.998,0.998,0.20020020020020018,-0.17580075558030503,0.136,0.04004004004004004,0.2202202202202202,0.244,0.10010010010010009,0.34034034034034033,-2.5054737832855842,-2.674666355233794
2023-09-28,bb7,0.998,0.998,0.20020020020020018,-0.9309619192676201,0.122,0.04004004004004004,0.2202202202202202,0.202,0.10010010010010009,0.34034034034034033,-2.341891108864556,-2.4995937848482273
2023-09-29,bb7,0.999,0.999,0.20020020020020018,0.584477289377765,0.138,0.04004004004004004,0.2202202202202202,0.232,0.10010010010010009,0.34034034034034033,-2.511585655456894,-2.69682905889857
2023-10-03,bb7,0.999,0.999,0.20020020020020018,0.31568113420143,0.08,0.04004004004004004,0.2202202202202202,0.184,0.10010010010010009,0.34034034034034033,-2.331744352777203,-2.473939939189302
2023-10-04,bb7,0.997,0.998,0.20020020020020018,-1.044818346284245,0.138,0.04004004004004004,0.2202202202202202,0.246,0.10010010010010009,0.34034034034034033,-2.4437342782794524,-2.605473540543492
2023-10-05,bb7,0.997,0.997,0.20020020020020018,1.157553945823865,0.132,0.04004004004004004,0.2202202202202202,0.204,0.10010010010010009,0.34034034034034033,-2.5630628558740165,-2.745034966906386
2023-10-06,bb7,0.997,0.997,0.20020020020020018,0.69533352490093,0.12,0.04004004004004004,0.2202202202202202,0.23,0.10010010010010009,0.34034034034034033,-2.6367143979875225,-2.7947301165389966
2023-10-09,bb7,0.997,0.997,0.20020020020020018,-0.885883930652505,0.142,0.04004004004004004,0.2202202202202202,0.242,0.10010010010010009,0.34034034034034033,-2.4692364324522695,-2.636552075039747
2023-10-10,bb7,0.998,0.997,0.20020020020020018,1.219807840324195,0.09,0.04004004004004004,0.2202202202202202,0.188,0.10010010010010009,0.34034034034034033,-2.5796579288022405,-2.731143794600278
2023-10-11,student,0.998,0.993,0.20020020020020018,-0.30475967620329497,0.16,0.04004004004004004,0.2202202202202202,0.242,0.10010010010010009,0.34034034034034033,-2.522597214003027,-2.7221105398115895
2023-10-12,bb7,0.997,0.995,0.20020020020020018,-1.17225607941239,0.114,0.04004004004004004,0.2202202202202202,0.214,0.10010010010010009,0.34034034034034033,-2.443566295819518,-2.610446416062139
2023-10-13,student,0.997,0.993,0.20020020020020018,-2.03776037113729,0.146,0.04004004004004004,0.2202202202202202,0.274,0.10010010010010009,0.34034034034034033,-2.7529036098512254,-2.9854353494426658
2023-10-16,bb7,0.997,0.995,0.20020020020020018,0.061289570462954995,0.118,0.04004004004004004,0.2202202202202202,0.21,0.10010010010010009,0.34034034034034033,-2.8151421263696004,-2.9997332676464783
2023-10-17,student,0.997,0.994,0.20020020020020018,0.35797644504942,0.16,0.04004004004004004,0.2202202202202202,0.266,0.10010010010010009,0.34034034034034033,-2.7591812506211437,-2.9656357385956165
2023-10-18,bb7,0.997,0.993,0.20020020020020018,-0.39659746125598,0.128,0.04004004004004004,0.22072072072072024,0.222,0.10010010010010009,0.34034034034034033,-2.6183353110483587,-2.7983619652504745
2023-10-19,bb7,0.997,0.995,0.20020020020020018,-0.36682820159933505,0.122,0.04004004004004004,0.2202202202202202,0.198,0.10010010010010009,0.34034034034034033,-2.5645768954171126,-2.7168853138575106
2023-10-20,student,0.997,0.995,0.20020020020020018,-0.9378219177138399,0.156,0.04004004004004004,0.24024024024024024,0.258,0.10010010010010009,0.34034034034034033,-2.448680798642361,-2.66320970101162
2023-10-23,bb7,0.997,0.995,0.20020020020020018,-1.56536573822261,0.126,0.04004004004004004,0.24024024024024024,0.216,0.10010010010010009,0.34034034034034033,-2.4423865959728226,-2.6162011722627594
2023-10-25,bb7,0.997,0.995,0.20020020020020018,-0.45318692158959506,0.138,0.04004004004004004,0.24024024024024024,0.228,0.10010010010010009,0.3408408408408404,-2.5148885982929414,-2.7337358006180557
2023-10-26,bb7,0.997,0.997,0.20020020020020018,-1.22231133918033,0.138,0.04004004004004004,0.24024024024024024,0.242,0.10010010010010009,0.34034034034034033,-2.7721679188385306,-2.9434683695748745
2023-10-27,bb7,0.998,0.997,0.18018018018018017,2.03982873475196,0.118,0.04004004004004004,0.24024024024024024,0.188,0.10010010010010009,0.3408408408408404,-2.567125119211207,-2.7017719938283133
2023-10-30,student,0.997,0.997,0.18018018018018017,0.239883866508155,0.144,0.04004004004004004,0.24024024024024024,0.234,0.10010010010010009,0.3408408408408404,-2.629545593161176,-2.8247730756871787
2023-10-31,bb7,0.997,0.999,0.20020020020020018,-0.28411965368667497,0.118,0.04004004004004004,0.24024024024024024,0.21,0.10010010010010009,0.36036036036036034,-2.47851610883911,-2.6457538326403056
2023-11-01,student,0.997,1.0,0.18018018018018017,-0.44831805523864,0.15,0.04004004004004004,0.24024024024024024,0.25,0.10010010010010009,0.36036036036036034,-2.4794258470300026,-2.670697645061291
2023-11-02,student,0.997,1.0,0.18018018018018017,1.0879779124053601,0.14,0.04004004004004004,0.24024024024024024,0.218,0.10010010010010009,0.36036036036036034,-2.424307551282355,-2.592000161266438
2023-11-03,student,0.998,1.0,0.18018018018018017,1.2109743964860051,0.152,0.04004004004004004,0.24024024024024024,0.23,0.10010010010010009,0.36036036036036034,-2.3919047730512477,-2.5607767282603024
2023-11-06,student,0.997,0.999,0.18018018018018017,0.18060629567447,0.166,0.04004004004004004,0.24024024024024024,0.252,0.10010010010010009,0.36036036036036034,-2.460768917207045,-2.6306976954118197
2023-11-07,student,0.997,0.999,0.18018018018018017,0.503512100257125,0.132,0.04004004004004004,0.24024024024024024,0.254,0.10010010010010009,0.36036036036036034,-2.4223202238898605,-2.606662251108908
2023-11-08,bb7,0.997,1.0,0.18018018018018017,-0.428386927229575,0.126,0.04004004004004004,0.24024024024024024,0.222,0.10010010010010009,0.36036036036036034,-2.2447605992870603,-2.4035123384588513
2023-11-09,student,0.998,1.0,0.18018018018018017,-0.754031905236715,0.166,0.04004004004004004,0.24024024024024024,0.272,0.10010010010010009,0.3408408408408404,-2.367709317667334,-2.5521359893729314
2023-11-10,bb7,0.998,1.0,0.20020020020020018,-0.11754479443319998,0.118,0.04004004004004004,0.24024024024024024,0.212,0.10010010010010009,0.3408408408408404,-2.2722865921105266,-2.4513513415662618
2023-11-13,bb7,0.998,0.998,0.20020020020020018,0.330748258501955,0.138,0.04004004004004004,0.24024024024024024,0.216,0.10010010010010009,0.3408408408408404,-2.2553670205728684,-2.431831889305099
2023-11-15,bb7,0.997,0.999,0.18018018018018017,1.6145795230734499,0.1,0.04004004004004004,0.24024024024024024,0.188,0.10010010010010009,0.36036036036036034,-2.1062411724215306,-2.267759882785087
2023-11-16,bb7,0.998,0.999,0.20020020020020018,1.200519165723799,0.148,0.04004004004004004,0.24024024024024024,0.242,0.10010010010010009,0.36036036036036034,-2.235406196832307,-2.421500423764088
2023-11-17,bb7,0.998,0.999,0.20020020020020018,-2.137241541242655,0.132,0.04004004004004004,0.24024024024024024,0.234,0.10010010010010009,0.36036036036036034,-2.2775876076036066,-2.4515939010698378
2023-11-20,bb7,0.998,1.0,0.2202202202202202,0.029069553357375003,0.132,0.04004004004004004,0.24024024024024024,0.222,0.10010010010010009,0.36036036036036034,-2.6653189512513262,-2.83802247302463
2023-11-21,bb7,0.997,0.999,0.2202202202202202,-0.116490096321105,0.116,0.04004004004004004,0.24024024024024024,0.254,0.10010010010010009,0.36036036036036034,-2.518928788395074,-2.723160590987734
2023-11-22,bb7,0.998,1.0,0.20020020020020018,0.421412236453265,0.108,0.04004004004004004,0.24024024024024024,0.216,0.10010010010010009,0.34034034034034033,-2.517444599259552,-2.69884039819846
2023-11-23,bb7,0.998,0.999,0.20020020020020018,-0.204744244279295,0.15,0.04004004004004004,0.24024024024024024,0.214,0.10010010010010009,0.34034034034034033,-2.466148634746348,-2.6544726274197092
2023-11-24,bb7,0.997,0.999,0.20020020020020018,-0.37481106338563,0.134,0.04004004004004004,0.24024024024024024,0.228,0.10010010010010009,0.34034034034034033,-2.4345406821836333,-2.6082249617624047
2023-11-28,bb7,0.998,1.0,0.20020020020020018,0.5485383433073701,0.12,0.04004004004004004,0.24024024024024024,0.214,0.10010010010010009,0.34034034034034033,-2.431056804550516,-2.590730010501771
2023-11-29,bb7,0.997,1.0,0.20020020020020018,0.94856663127623,0.09,0.04004004004004004,0.24024024024024024,0.168,0.10010010010010009,0.34034034034034033,-2.196623392575948,-2.3338205083754766
2023-11-30,bb7,0.997,1.0,0.20020020020020018,-0.49236624326816997,0.128,0.04004004004004004,0.24024024024024024,0.212,0.10010010010010009,0.34034034034034033,-2.2985296233175814,-2.4766726867863427
2023-12-01,student,0.997,1.0,0.20020020020020018,0.517901341663815,0.156,0.04004004004004004,0.24024024024024024,0.254,0.10010010010010009,0.34034034034034033,-2.3028998806315752,-2.4700373517779517
2023-12-04,bb7,0.999,1.0,0.20020020020020018,2.3809182358632848,0.128,0.04004004004004004,0.24024024024024024,0.238,0.10010010010010009,0.34034034034034033,-2.2425694113531995,-2.4093952681680983
2023-12-05,bb7,0.998,1.0,0.20020020020020018,0.7700691464140649,0.134,0.04004004004004004,0.24024024024024024,0.226,0.10010010010010009,0.3408408408408404,-2.4020507511463376,-2.562458766369016
2023-12-06,bb7,0.997,0.999,0.20020020020020018,0.7114092475699101,0.14,0.04004004004004004,0.24024024024024024,0.24,0.10010010010010009,0.34034034034034033,-2.4554485504876573,-2.6493146732068333
2023-12-07,bb7,0.997,0.999,0.20020020020020018,-0.019337855397540016,0.132,0.04004004004004004,0.24024024024024024,0.228,0.10010010010010009,0.34034034034034033,-2.36695883796066,-2.562902708350236
2023-12-08,bb7,0.993,0.999,0.20020020020020018,1.05377853277488,0.114,0.04004004004004004,0.24024024024024024,0.182,0.10010010010010009,0.34034034034034033,-2.3195142539725246,-2.4700012398429294
2023-12-11,bb7,0.993,0.997,0.20020020020020018,-0.080803754932215,0.11,0.04004004004004004,0.24024024024024024,0.194,0.10010010010010009,0.34034034034034033,-2.2570154031795884,-2.431064804116592
2023-12-12,bb7,0.993,0.997,0.20020020020020018,-0.57077583837344,0.124,0.04004004004004004,0.24024024024024024,0.2,0.10010010010010009,0.34034034034034033,-2.294430178335044,-2.4626121957249056
2023-12-13,bb7,0.993,0.998,0.20020020020020018,-0.3202122748459151,0.126,0.04004004004004004,0.24024024024024024,0.232,0.10010010010010009,0.34034034034034033,-2.309522559345496,-2.4828798696984897
2023-12-14,bb7,0.995,1.0,0.20020020020020018,2.083477967334015,0.144,0.04004004004004004,0.24024024024024024,0.232,0.10010010010010009,0.34034034034034033,-2.453851554441866,-2.636755003480315
2023-12-15,bb7,0.997,1.0,0.20020020020020018,4.433367834611319,0.104,0.04004004004004004,0.24024024024024024,0.22,0.10010010010010009,0.34034034034034033,-2.566940821940471,-2.737464386173579
2023-12-18,student,0.998,1.0,0.20020020020020018,-0.42778491252722,0.154,0.04004004004004004,0.24024024024024024,0.26,0.10010010010010009,0.34034034034034033,-3.2484824097247897,-3.495433984911592
2023-12-19,bb7,0.997,1.0,0.20020020020020018,0.3354468729786999,0.11,0.04004004004004004,0.24024024024024024,0.184,0.10010010010010009,0.34034034034034033,-2.9272060766119994,-3.106396174424428
2023-12-20,student,0.995,0.999,0.20020020020020018,-2.174672090217325,0.13,0.04004004004004004,0.24024024024024024,0.258,0.10010010010010009,0.34034034034034033,-2.8688758149846034,-3.0996941365130413
2023-12-21,bb7,0.997,1.0,0.20020020020020018,0.557206068214905,0.114,0.04004004004004004,0.24024024024024024,0.22,0.10010010010010009,0.34034034034034033,-2.9824980554939673,-3.1783369758570705
2023-12-22,bb7,0.997,1.0,0.20020020020020018,0.32140687312742,0.134,0.04004004004004004,0.24024024024024024,0.27,0.10010010010010009,0.36036036036036034,-2.9229952394280847,-3.174285004170413
2023-12-26,bb7,0.997,1.0,0.20020020020020018,-0.50797294969352,0.132,0.04004004004004004,0.24024024024024024,0.232,0.10010010010010009,0.3408408408408404,-2.801594782360522,-2.9959472882920357
2023-12-27,bb7,0.995,0.999,0.20020020020020018,1.56025796376371,0.134,0.04004004004004004,0.24024024024024024,0.212,0.10010010010010009,0.3408408408408404,-2.776197516534807,-2.977751701709349
2023-12-28,bb7,0.931,1.0,0.20020020020020018,0.07705785296825499,0.124,0.04004004004004004,0.24024024024024024,0.214,0.10010010010010009,0.36036036036036034,-2.710096122715957,-2.9253163265524873
2023-12-29,student,0.996,1.0,0.20020020020020018,-1.358852263530445,0.156,0.04004004004004004,0.24024024024024024,0.256,0.10010010010010009,0.36036036036036034,-2.704649732210339,-2.9042274552061706
2024-01-01,bb7,0.996,1.0,0.20020020020020018,0.21854251723738502,0.142,0.04004004004004004,0.24024024024024024,0.21,0.10010010010010009,0.36036036036036034,-2.712262873537444,-2.8701232073419924
2024-01-02,bb7,0.997,1.0,0.20020020020020018,-0.69764490470075,0.134,0.04004004004004004,0.24024024024024024,0.224,0.10010010010010009,0.36036036036036034,-2.590881349671522,-2.762716897536031
2024-01-03,bb7,0.997,1.0,0.20020020020020018,-1.15637392274102,0.126,0.04004004004004004,0.24024024024024024,0.23,0.10010010010010009,0.36036036036036034,-2.6583710034440453,-2.8417043479857074
2024-01-04,bb7,0.997,1.0,0.20020020020020018,0.701572262229935,0.128,0.04004004004004004,0.24024024024024024,0.224,0.10010010010010009,0.3408408408408404,-2.894268033018953,-3.0883713824625043
2024-01-05,bb7,0.997,1.0,0.20020020020020018,0.5895866279877601,0.122,0.04004004004004004,0.24024024024024024,0.206,0.10010010010010009,0.3408408408408404,-2.799147686848294,-2.9369477576294294
2024-01-08,bb7,0.94,1.0,0.20020020020020018,-1.4973097577919399,0.134,0.04004004004004004,0.24024024024024024,0.236,0.10010010010010009,0.3408408408408404,-2.6765788689964434,-2.889391896305806
2024-01-09,bb7,0.997,1.0,0.20020020020020018,0.08521194774689,0.138,0.04004004004004004,0.24024024024024024,0.238,0.10010010010010009,0.3408408408408404,-2.6838619232160834,-2.8680067639962945
2024-01-10,bb7,0.996,1.0,0.18018018018018017,-0.600946072074085,0.124,0.04004004004004004,0.24024024024024024,0.216,0.10010010010010009,0.3408408408408404,-2.6626999947043264,-2.8307777295150025
2024-01-11,bb7,0.995,1.0,0.18018018018018017,-0.9774819588404601,0.118,0.04004004004004004,0.24024024024024024,0.226,0.10010010010010009,0.3408408408408404,-2.545128254975717,-2.70992709349692
2024-01-12,bb7,0.996,1.0,0.18018018018018017,4.886275763767349,0.108,0.04004004004004004,0.24024024024024024,0.176,0.10010010010010009,0.3408408408408404,-2.4862355462245525,-2.613354941055259
2024-01-15,student,0.993,0.999,0.18018018018018017,1.7156485991402548,0.134,0.04004004004004004,0.24024024024024024,0.234,0.10010010010010009,0.3408408408408404,-3.330581059660245,-3.584910001395095
2024-01-16,bb7,0.995,1.0,0.20020020020020018,-0.8764186607969601,0.13,0.04004004004004004,0.24024024024024024,0.214,0.10010010010010009,0.3408408408408404,-3.2890267848652393,-3.4787075140490122
2024-01-17,bb7,0.994,0.999,0.20020020020020018,-0.5987290007645449,0.132,0.04004004004004004,0.24024024024024024,0.242,0.10010010010010009,0.36036036036036034,-3.1972594188313055,-3.384079083908439
2024-01-18,bb7,0.994,0.999,0.18018018018018017,0.25646692656137,0.128,0.04004004004004004,0.24024024024024024,0.23,0.10010010010010009,0.3408408408408404,-3.073727328338395,-3.247051921418615
2024-01-19,bb7,0.994,0.999,0.18018018018018017,0.45897943233429495,0.13,0.04004004004004004,0.24024024024024024,0.23,0.10010010010010009,0.3408408408408404,-2.813736543466967,-2.985628277168667
2024-01-23,student,0.995,1.0,0.18018018018018017,-2.353876738615135,0.132,0.04004004004004004,0.24024024024024024,0.238,0.10010010010010009,0.34034034034034033,-2.74682104395609,-2.933948293911543
2024-01-24,bb7,0.995,0.999,0.18018018018018017,2.08128026931505,0.136,0.04004004004004004,0.24024024024024024,0.216,0.10010010010010009,0.3408408408408404,-2.9346722431759864,-3.1282743912756796
2024-01-25,bb7,0.995,0.999,0.18018018018018017,-0.639199347325385,0.118,0.04004004004004004,0.24024024024024024,0.2,0.10010010010010009,0.3408408408408404,-2.972405875110816,-3.169443180417283
2024-01-29,bb7,0.997,0.999,0.18018018018018017,0.44959765264619,0.126,0.04004004004004004,0.24024024024024024,0.222,0.10010010010010009,0.3408408408408404,-2.8357745429540744,-3.012803061902874
2024-01-30,student,0.997,0.999,0.18018018018018017,0.148387154665585,0.15,0.04004004004004004,0.24024024024024024,0.248,0.10010010010010009,0.34034034034034033,-2.8102737968648834,-2.9838859214529774
2024-01-31,student,0.997,1.0,0.18018018018018017,1.370369938173445,0.138,0.04004004004004004,0.24024024024024024,0.216,0.10010010010010009,0.34034034034034033,-2.755915651443756,-2.940143480599519
2024-02-01,student,0.997,1.0,0.18018018018018017,0.439035869650115,0.142,0.04004004004004004,0.24024024024024024,0.24,0.10010010010010009,0.3408408408408404,-2.7029591509803996,-2.871494898857702
2024-02-02,student,0.997,1.0,0.18018018018018017,1.237655585837715,0.14,0.04004004004004004,0.24024024024024024,0.224,0.10010010010010009,0.34034034034034033,-2.55008391917903,-2.7028919910728058
2024-02-05,student,0.997,1.0,0.18018018018018017,-0.70026174675356,0.14,0.04004004004004004,0.24024024024024024,0.224,0.10010010010010009,0.34034034034034033,-2.5189530401396696,-2.7015307347509334
2024-02-06,student,0.995,1.0,0.18018018018018017,1.80115118357894,0.142,0.04004004004004004,0.24024024024024024,0.24,0.10010010010010009,0.34034034034034033,-2.517771419180278,-2.7119459526394163
2024-02-07,bb7,0.993,0.999,0.18018018018018017,0.8433785326545351,0.122,0.04004004004004004,0.24024024024024024,0.202,0.10010010010010009,0.34034034034034033,-2.562458588856626,-2.714892028095801
2024-02-08,bb7,0.993,0.997,0.18018018018018017,1.7189870728963752,0.11,0.04004004004004004,0.24024024024024024,0.178,0.10010010010010009,0.34034034034034033,-2.785307440397255,-2.9784397064527584
2024-02-09,bb7,0.995,0.999,0.18018018018018017,1.127153596747385,0.13,0.04004004004004004,0.24024024024024024,0.212,0.10010010010010009,0.34034034034034033,-2.900089422979335,-3.0949793664368643
2024-02-12,bb7,0.996,1.0,0.20020020020020018,-0.8897277648130901,0.132,0.04004004004004004,0.24024024024024024,0.23,0.10010010010010009,0.34034034034034033,-3.040364179221592,-3.233897748665874
2024-02-13,bb7,0.997,1.0,0.20020020020020018,0.522734908368005,0.1,0.04004004004004004,0.24024024024024024,0.192,0.10010010010010009,0.34034034034034033,-2.9857831866479647,-3.1707970277460955
2024-02-14,bb7,0.966,1.0,0.20020020020020018,1.5084480423055249,0.128,0.04004004004004004,0.24024024024024024,0.22,0.10010010010010009,0.34034034034034033,-2.9249113162092244,-3.144869327995654
2024-02-15,bb7,0.971,1.0,0.20020020020020018,1.51958617430095,0.132,0.04004004004004004,0.24024024024024024,0.204,0.10010010010010009,0.34034034034034033,-3.0668833994463416,-3.2678171368110043
2024-02-16,student,0.955,1.0,0.20020020020020018,0.28735793583777003,0.154,0.04004004004004004,0.24024024024024024,0.256,0.10010010010010009,0.34034034034034033,-3.084652950494672,-3.303419618843336
2024-02-19,bb7,0.955,1.0,0.20020020020020018,0.24468153634563,0.144,0.04004004004004004,0.24024024024024024,0.22,0.10010010010010009,0.34034034034034033,-2.995441665000234,-3.2261354887567713
2024-02-20,bb7,0.992,1.0,0.20020020020020018,-0.37242183908161,0.108,0.04004004004004004,0.24024024024024024,0.204,0.10010010010010009,0.34034034034034033,-2.873737883688943,-3.0583763901873753
2024-02-21,student,0.992,1.0,0.20020020020020018,-0.14469900944015512,0.142,0.04004004004004004,0.24024024024024024,0.268,0.10010010010010009,0.34034034034034033,-2.9229796445343426,-3.1428639448078703
2024-02-22,bb7,0.961,1.0,0.20020020020020018,0.40893183564661495,0.12,0.04004004004004004,0.24024024024024024,0.202,0.10010010010010009,0.34034034034034033,-2.880641159051957,-3.0792711844432707
2024-02-23,student,0.994,1.0,0.18018018018018017,-0.583196982174345,0.14,0.04004004004004004,0.24024024024024024,0.23,0.10010010010010009,0.34034034034034033,-2.770663089140253,-2.9485831425022124
2024-02-26,student,0.995,1.0,0.18018018018018017,-0.51032592586986,0.16,0.04004004004004004,0.24024024024024024,0.234,0.10010010010010009,0.34034034034034033,-2.7781452881970745,-2.9640896467288793
2024-02-27,bb7,0.986,1.0,0.18018018018018017,-0.496050705479075,0.122,0.04004004004004004,0.24024024024024024,0.218,0.10010010010010009,0.34034034034034033,-2.6786996738643216,-2.833871846941697
2024-02-28,student,0.985,1.0,0.16016016016016016,-0.26311667028201,0.144,0.04004004004004004,0.24024024024024024,0.218,0.10010010010010009,0.34034034034034033,-2.6547995544687417,-2.8472060764990257
2024-02-29,student,0.984,1.0,0.14014014014014015,0.45490494500793,0.134,0.04004004004004004,0.24024024024024024,0.214,0.10010010010010009,0.34034034034034033,-2.6034085857088867,-2.7477967400826993
2024-03-01,student,0.986,1.0,0.14014014014014015,0.810639554786425,0.124,0.04004004004004004,0.24024024024024024,0.214,0.10010010010010009,0.34034034034034033,-2.5478389609331287,-2.7026050898664917
2024-03-04,student,0.987,1.0,0.14014014014014015,-0.343448184484035,0.124,0.04004004004004004,0.24024024024024024,0.2,0.10010010010010009,0.34034034034034033,-2.556593202581485,-2.6980909850807713
2024-03-05,student,0.989,1.0,0.14014014014014015,-0.181673088530665,0.116,0.04004004004004004,0.24024024024024024,0.202,0.08008008008008008,0.34034034034034033,-2.5603272001872472,-2.7342415355132825
2024-03-06,student,0.992,1.0,0.14014014014014015,0.3395441713945102,0.146,0.04004004004004004,0.24024024024024024,0.226,0.08008008008008008,0.3203203203203203,-2.607295082074622,-2.7809607443655624
2024-03-07,student,0.986,1.0,0.14014014014014015,0.22998649534770998,0.132,0.04004004004004004,0.24024024024024024,0.228,0.08008008008008008,0.3203203203203203,-2.609114852106047,-2.770286638788769
2024-03-11,student,0.989,1.0,0.14014014014014015,-1.41155156397673,0.114,0.04004004004004004,0.24024024024024024,0.17,0.08008008008008008,0.3203203203203203,-2.3976828136453388,-2.5267635214643525
2024-03-12,student,0.993,1.0,0.14014014014014015,-0.528717779416435,0.134,0.04004004004004004,0.24024024024024024,0.198,0.08008008008008008,0.3203203203203203,-2.6169842859879253,-2.7552656430386078
2024-03-13,student,0.993,1.0,0.14014014014014015,-0.874264250025185,0.152,0.04004004004004004,0.24024024024024024,0.228,0.08008008008008008,0.3203203203203203,-2.5633939665963226,-2.704901966238099
2024-03-14,student,0.993,1.0,0.14014014014014015,0.8669140358071601,0.138,0.04004004004004004,0.24024024024024024,0.236,0.08008008008008008,0.3203203203203203,-2.6523967763167375,-2.801034818934355
2024-03-15,student,0.993,1.0,0.14014014014014015,-1.208322764251495,0.114,0.04004004004004004,0.24024024024024024,0.168,0.08008008008008008,0.3203203203203203,-2.5195799139556967,-2.645453463011057
2024-03-18,student,0.989,1.0,0.16016016016016016,-1.033565697459725,0.128,0.04004004004004004,0.22072072072072024,0.188,0.08008008008008008,0.3203203203203203,-2.596114583574543,-2.731873823472251
2024-03-19,student,0.986,1.0,0.16016016016016016,-1.793687690846435,0.134,0.04004004004004004,0.2202202202202202,0.196,0.08008008008008008,0.3203203203203203,-2.534666119006659,-2.680207166162566
2024-03-20,student,0.983,1.0,0.16016016016016016,0.64415919993978,0.146,0.04004004004004004,0.2202202202202202,0.224,0.08008008008008008,0.3203203203203203,-2.678473731178814,-2.856300933158301
2024-03-21,bb7,0.983,1.0,0.16016016016016016,0.535678817257795,0.108,0.04004004004004004,0.2202202202202202,0.158,0.08008008008008008,0.3203203203203203,-2.5075653020651263,-2.6283481185388653
2024-03-22,student,0.979,1.0,0.16016016016016016,-1.3357686614662998,0.132,0.04004004004004004,0.2202202202202202,0.186,0.08008008008008008,0.3203203203203203,-2.5255431942174136,-2.6857811943327623
2024-03-26,student,0.982,1.0,0.14014014014014015,-0.9870189867713499,0.098,0.04004004004004004,0.2202202202202202,0.156,0.08008008008008008,0.3203203203203203,-2.550641600045079,-2.6827036942255837
2024-03-27,student,0.973,1.0,0.14014014014014015,-0.7537967488193751,0.132,0.04004004004004004,0.2202202202202202,0.208,0.08008008008008008,0.3203203203203203,-2.5869675140577084,-2.735704304828938
2024-03-28,student,0.972,1.0,0.14014014014014015,1.7585417540988,0.104,0.04004004004004004,0.2202202202202202,0.168,0.08008008008008008,0.3203203203203203,-2.4035490434546456,-2.5316883007064206
2024-04-01,student,0.978,1.0,0.14014014014014015,0.30701789102534,0.126,0.04004004004004004,0.2202202202202202,0.192,0.08008008008008008,0.3203203203203203,-2.495085827574548,-2.614486889624962
2024-04-02,student,0.976,1.0,0.14014014014014015,0.10819741186132498,0.144,0.04004004004004004,0.2202202202202202,0.216,0.08008008008008008,0.3203203203203203,-2.531668378176852,-2.679806460558606
2024-04-03,student,0.978,1.0,0.14014014014014015,0.228215960236695,0.1,0.04004004004004004,0.2202202202202202,0.17,0.08008008008008008,0.3203203203203203,-2.415311590072285,-2.5298160966064525
2024-04-04,student,0.983,1.0,0.14014014014014015,-0.5639315154195099,0.134,0.04004004004004004,0.2202202202202202,0.194,0.08008008008008008,0.3203203203203203,-2.452244585195648,-2.5939216788990707
2024-04-05,student,0.972,1.0,0.12012012012012012,0.10134428683569502,0.138,0.04004004004004004,0.2202202202202202,0.204,0.08008008008008008,0.3003003003003003,-2.4505358582395003,-2.598829527963375
2024-04-08,student,0.983,1.0,0.10010010010010009,0.15036612213828,0.136,0.04004004004004004,0.2202202202202202,0.228,0.08008008008008008,0.3203203203203203,-2.32248913065161,-2.493995806037665
2024-04-09,student,0.981,1.0,0.10010010010010009,0.34326827998317005,0.12,0.04004004004004004,0.2202202202202202,0.198,0.08008008008008008,0.3003003003003003,-2.3402152839224484,-2.484070267622159
2024-04-10,student,0.979,1.0,0.10010010010010009,1.3604023090684152,0.116,0.02002002002002002,0.2202202202202202,0.184,0.08008008008008008,0.3003003003003003,-2.3072192492885897,-2.458230731975451
2024-04-12,student,0.976,1.0,0.10010010010010009,-1.562170566985825,0.1,0.04004004004004004,0.2202202202202202,0.162,0.08008008008008008,0.3003003003003003,-2.297488353845646,-2.4350658099040365
2024-04-15,student,0.976,1.0,0.10010010010010009,-1.139664257128,0.096,0.02002002002002002,0.2202202202202202,0.166,0.08008008008008008,0.3003003003003003,-2.4408764413133412,-2.579712671436521
2024-04-16,student,0.992,1.0,0.10010010010010009,-2.247436047362285,0.088,0.04004004004004004,0.2202202202202202,0.152,0.08008008008008008,0.3003003003003003,-2.4045791152467917,-2.527168546304054
2024-04-18,student,0.913,0.996,0.10010010010010009,-0.29168520228850003,0.114,0.04004004004004004,0.2202202202202202,0.17,0.08008008008008008,0.3003003003003003,-3.230526370187029,-3.3922336825741777
2024-04-19,student,0.909,0.992,0.12012012012012012,0.09522995330296996,0.106,0.02002002002002002,0.2202202202202202,0.146,0.08008008008008008,0.3003003003003003,-2.4396045337426098,-2.5544191540291314
2024-04-22,student,0.988,0.998,0.12012012012012012,1.78797135576826,0.112,0.04004004004004004,0.2202202202202202,0.19,0.08008008008008008,0.3003003003003003,-2.3088855355234696,-2.454257970863833
2024-04-23,student,0.913,0.994,0.12012012012012012,0.783957930746655,0.102,0.02002002002002002,0.20020020020020018,0.2,0.08008008008008008,0.3003003003003003,-2.332895066459479,-2.471004232028563
2024-04-24,student,0.91,0.993,0.12012012012012012,-0.39902145142810497,0.114,0.02002002002002002,0.20020020020020018,0.186,0.08008008008008008,0.3003003003003003,-2.208834217859913,-2.351375515406118
2024-04-25,student,0.88,0.988,0.12012012012012012,2.76605310126585,0.108,0.04004004004004004,0.2202202202202202,0.198,0.08008008008008008,0.3003003003003003,-2.3211267929301997,-2.455066959360607
2024-04-26,student,0.905,0.994,0.12012012012012012,-0.99217316727927,0.112,0.02002002002002002,0.20020020020020018,0.178,0.08008008008008008,0.3003003003003003,-2.3484683728156948,-2.493864464291002
2024-04-29,student,0.907,0.996,0.12012012012012012,1.70529421058827,0.102,0.02002002002002002,0.20020020020020018,0.178,0.08008008008008008,0.3003003003003003,-2.4129799858077323,-2.5518155424394644
2024-04-30,student,0.994,1.0,0.12012012012012012,-0.512449271805405,0.09,0.02002002002002002,0.2202202202202202,0.176,0.08008008008008008,0.3003003003003003,-2.448240758881575,-2.582319089080834
2024-05-02,student,0.884,0.994,0.12012012012012012,0.014255069988705016,0.104,0.02002002002002002,0.20020020020020018,0.176,0.08008008008008008,0.3003003003003003,-2.5176885605148964,-2.666366732815211
2024-05-03,student,0.888,0.993,0.12012012012012012,0.149615351689385,0.112,0.02002002002002002,0.20020020020020018,0.196,0.08008008008008008,0.3003003003003003,-2.4083724521620726,-2.560630973872164
2024-05-06,student,0.906,0.996,0.12012012012012012,-1.105065056472725,0.098,0.02002002002002002,0.20070070070070023,0.166,0.08008008008008008,0.3003003003003003,-2.367593369959577,-2.490740919683947
2024-05-07,student,0.992,1.0,0.12012012012012012,0.15843882262084508,0.094,0.02002002002002002,0.20020020020020018,0.156,0.08008008008008008,0.3003003003003003,-2.4874170774069744,-2.610194644139001
2024-05-08,student,0.988,1.0,0.12012012012012012,0.07597290192718509,0.11,0.04004004004004004,0.2202202202202202,0.172,0.08008008008008008,0.3003003003003003,-2.523129769569498,-2.67040771663365
2024-05-09,student,0.869,0.991,0.12012012012012012,0.9792524780481949,0.096,0.02002002002002002,0.20020020020020018,0.168,0.08008008008008008,0.3003003003003003,-2.5528003663713132,-2.6875632563964125
2024-05-10,student,0.881,0.993,0.12012012012012012,-0.661096641795505,0.106,0.02002002002002002,0.2202202202202202,0.172,0.08008008008008008,0.3003003003003003,-2.458341173656957,-2.5881000074807017
2024-05-13,student,0.992,1.0,0.10010010010010009,-0.5766947569828901,0.118,0.02002002002002002,0.2202202202202202,0.192,0.06006006006006006,0.3003003003003003,-2.562889104226636,-2.712423130533909
2024-05-14,student,0.88,0.992,0.12012012012012012,0.6216440314791399,0.096,0.02002002002002002,0.20020020020020018,0.166,0.06006006006006006,0.3003003003003003,-2.401793023962454,-2.538908214341457
2024-05-15,student,0.88,0.988,0.10010010010010009,-0.038819751465555025,0.108,0.02002002002002002,0.20020020020020018,0.164,0.06006006006006006,0.3003003003003003,-2.3639304167983948,-2.4883638707877282
2024-05-16,student,0.985,1.0,0.10010010010010009,0.6509220379598448,0.126,0.02002002002002002,0.20020020020020018,0.198,0.06006006006006006,0.3003003003003003,-2.428364746498899,-2.560462228683848
2024-05-17,student,0.873,0.988,0.10010010010010009,0.049682223714094975,0.1,0.02002002002002002,0.20020020020020018,0.146,0.06006006006006006,0.3003003003003003,-2.490663229209458,-2.600896413506896
2024-05-21,student,0.988,1.0,0.10010010010010009,0.4238666081761451,0.116,0.02002002002002002,0.20020020020020018,0.182,0.06006006006006006,0.3003003003003003,-2.412688445548768,-2.546533435107422
2024-05-22,student,0.988,1.0,0.10010010010010009,0.82484131216494,0.088,0.02002002002002002,0.20020020020020018,0.146,0.06006006006006006,0.3003003003003003,-2.381627463069418,-2.49424997427961
2024-05-23,student,0.876,0.991,0.10010010010010009,1.409951888354755,0.08,0.02002002002002002,0.20020020020020018,0.138,0.06006006006006006,0.3003003003003003,-2.289174097466067,-2.3934441015282855
2024-05-24,student,0.971,1.0,0.10010010010010009,-0.459264375715265,0.13,0.02002002002002002,0.20020020020020018,0.184,0.06006006006006006,0.3003003003003003,-2.3369979045063456,-2.464325319279976
2024-05-27,student,0.988,1.0,0.10010010010010009,0.519646817759595,0.112,0.02002002002002002,0.20020020020020018,0.162,0.06006006006006006,0.3003003003003003,-2.2771241345306072,-2.4068419196099398
2024-05-28,student,0.986,0.998,0.10010010010010009,-0.29950103685166,0.098,0.02002002002002002,0.20020020020020018,0.156,0.06006006006006006,0.2802802802802803,-2.226140061978038,-2.3298874043016515
2024-05-29,student,0.983,0.999,0.10010010010010009,-1.06572995365751,0.13,0.04004004004004004,0.2202202202202202,0.186,0.06006006006006006,0.28078078078078034,-2.1867294170391007,-2.295782100945227
2024-05-30,student,0.985,0.998,0.10010010010010009,-0.6223319707326,0.118,0.02002002002002002,0.20020020020020018,0.198,0.06006006006006006,0.3003003003003003,-2.3721240328501634,-2.510027159285678
2024-05-31,student,0.988,0.998,0.10010010010010009,-0.17232264027851502,0.1,0.02002002002002002,0.20020020020020018,0.15,0.06006006006006006,0.3003003003003003,-2.4139292698526855,-2.5359510553203446
2024-06-03,student,0.985,0.998,0.10010010010010009,4.30472869870611,0.138,0.02002002002002002,0.20020020020020018,0.204,0.06006006006006006,0.3003003003003003,-2.337310624545632,-2.473355928556338
2024-06-04,student,0.987,0.998,0.10010010010010009,-8.214169047788035,0.11,0.02002002002002002,0.20020020020020018,0.174,0.06006006006006006,0.3003003003003003,-2.6325262314906053,-2.755609988676299
2024-06-05,student,0.983,0.996,0.10010010010010009,2.2206726681565,0.114,0.02002002002002002,0.20020020020020018,0.188,0.06006006006006006,0.3003003003003003,-4.882246262922012,-5.039765893825341
2024-06-06,student,0.984,0.997,0.10010010010010009,3.14544984782865,0.1,0.02002002002002002,0.20020020020020018,0.168,0.06006006006006006,0.3003003003003003,-4.743730967471744,-4.947850489512176
2024-06-07,student,0.987,0.997,0.10010010010010009,2.830686173524505,0.1,0.02002002002002002,0.20020020020020018,0.184,0.06006006006006006,0.3003003003003003,-4.692154518684624,-4.879875410445127
2024-06-10,student,0.991,0.997,0.10010010010010009,-1.00465193932458,0.1,0.02002002002002002,0.20020020020020018,0.174,0.06006006006006006,0.3003003003003003,-4.752729927541993,-4.976980317822887
2024-06-11,student,0.987,0.996,0.10010010010010009,0.09137414274071504,0.108,0.02002002002002002,0.20020020020020018,0.172,0.06006006006006006,0.3003003003003003,-4.690719421949926,-4.917694479611416
2024-06-12,student,0.984,0.994,0.12012012012012012,-0.14193180085490503,0.118,0.04004004004004004,0.2202202202202202,0.194,0.06006006006006006,0.3003003003003003,-4.133312609118648,-4.304072108228395
2024-06-13,student,0.982,0.994,0.12012012012012012,0.578919017503865,0.106,0.02002002002002002,0.20020020020020018,0.176,0.06006006006006006,0.3003003003003003,-3.7937309470026923,-3.9775095752427476
2024-06-14,bb7,0.996,1.0,0.10010010010010009,-0.44855096486932505,0.072,0.02002002002002002,0.2202202202202202,0.13,0.08008008008008008,0.3003003003003003,-2.2727841038336605,-2.368179901159877
2024-06-18,student,0.997,1.0,0.10010010010010009,0.6497995041037901,0.106,0.02002002002002002,0.2202202202202202,0.184,0.08008008008008008,0.3003003003003003,-2.3291177263121305,-2.456164887730398
2024-06-19,bb7,0.996,1.0,0.12012012012012012,0.89055809772113,0.096,0.039539539539539564,0.2202202202202202,0.166,0.08008008008008008,0.3003003003003003,-2.4858549757590627,-2.6040683286427977
2024-06-20,student,0.996,0.999,0.12012012012012012,-0.3879051206989949,0.152,0.04004004004004004,0.2202202202202202,0.222,0.08008008008008008,0.3003003003003003,-2.484789369462407,-2.6421645925214103
2024-06-21,bb7,0.996,0.998,0.12012012012012012,0.12413164167559487,0.086,0.04004004004004004,0.2202202202202202,0.15,0.08008008008008008,0.3003003003003003,-2.31298271751776,-2.4277352898311677
2024-06-24,student,0.996,0.998,0.12012012012012012,-0.39707851059608,0.152,0.02002002002002002,0.2202202202202202,0.226,0.06006006006006006,0.3003003003003003,-2.405643725421848,-2.54367299121386
2024-06-25,bb7,0.996,0.999,0.12012012012012012,1.05239970208438,0.094,0.02002002002002002,0.2202202202202202,0.152,0.0795795795795796,0.3003003003003003,-2.4988046306975864,-2.6092386797431026
2024-06-26,student,0.994,0.998,0.12012012012012012,0.14314215967174998,0.116,0.04004004004004004,0.2202202202202202,0.184,0.0795795795795796,0.3003003003003003,-2.5076416675630497,-2.640504233677166
2024-06-27,student,0.994,1.0,0.12012012012012012,0.968598600152975,0.134,0.039539539539539564,0.2202202202202202,0.192,0.0795795795795796,0.3003003003003003,-2.4767231674371577,-2.605014628150164
2024-06-28,student,0.997,1.0,0.12012012012012012,0.08220654838467498,0.112,0.04004004004004004,0.22072072072072024,0.172,0.08008008008008008,0.3003003003003003,-2.5006503896534515,-2.6198353653182256
2024-07-01,bb7,0.998,1.0,0.12012012012012012,0.3477007396650749,0.102,0.02002002002002002,0.20020020020020018,0.164,0.08008008008008008,0.3003003003003003,-2.27648291201627,-2.4087612637497995
2024-07-02,student,0.994,1.0,0.12012012012012012,-0.005357180176394971,0.136,0.02002002002002002,0.20020020020020018,0.214,0.08008008008008008,0.3003003003003003,-2.4561367554847893,-2.598538738732369
2024-07-03,bb7,0.997,1.0,0.12012012012012012,1.0237765318068,0.108,0.02002002002002002,0.20020020020020018,0.17,0.08008008008008008,0.3003003003003003,-2.3704403894162107,-2.5006459850363614
2024-07-04,student,0.994,1.0,0.10010010010010009,0.670564001319355,0.104,0.02002002002002002,0.2202202202202202,0.172,0.08008008008008008,0.3003003003003003,-2.4063467693746357,-2.5320590743160647
2024-07-05,student,0.994,1.0,0.12012012012012012,1.1066467928588601,0.12,0.02002002002002002,0.20020020020020018,0.186,0.08008008008008008,0.3003003003003003,-2.3771197893854703,-2.4998406553090655
2024-07-08,student,0.994,1.0,0.12012012012012012,0.22516031574488504,0.116,0.02002002002002002,0.2202202202202202,0.178,0.06006006006006006,0.3003003003003003,-2.539747131765697,-2.6928273315610936
2024-07-09,student,0.99,1.0,0.12012012012012012,0.15843209582954,0.126,0.04004004004004004,0.2202202202202202,0.202,0.0795795795795796,0.3003003003003003,-2.383635411067817,-2.5083559662829176
2024-07-10,student,0.994,1.0,0.12012012012012012,-0.988441022587485,0.13,0.04004004004004004,0.2202202202202202,0.22,0.08008008008008008,0.3003003003003003,-2.4563599792591404,-2.59840484791374
2024-07-11,student,0.996,1.0,0.10010010010010009,0.58624264881784,0.1,0.02002002002002002,0.20020020020020018,0.188,0.0795795795795796,0.3003003003003003,-2.4930114714166143,-2.633096593097444
2024-07-12,student,0.996,1.0,0.10010010010010009,1.93008105578935,0.104,0.02002002002002002,0.20020020020020018,0.162,0.0795795795795796,0.3003003003003003,-2.3326920493211603,-2.469121295877702
2024-07-15,student,0.994,1.0,0.10010010010010009,1.106089317847895,0.098,0.02002002002002002,0.20020020020020018,0.196,0.08008008008008008,0.3003003003003003,-2.647345951296779,-2.816550940357432
2024-07-16,student,0.996,1.0,0.10010010010010009,0.516550757463595,0.094,0.02002002002002002,0.20020020020020018,0.154,0.08008008008008008,0.3003003003003003,-2.6568529685373514,-2.822785442104684
2024-07-18,student,0.994,1.0,0.10010010010010009,1.6427473997072999,0.086,0.02002002002002002,0.20020020020020018,0.166,0.08008008008008008,0.3003003003003003,-2.484147242098538,-2.6401575302232474
2024-07-19,student,0.995,1.0,0.10010010010010009,0.74727923125749,0.126,0.02002002002002002,0.20020020020020018,0.212,0.08008008008008008,0.3003003003003003,-2.563904140618428,-2.716901725199107
2024-07-22,student,0.996,1.0,0.10010010010010009,-0.21389713383667003,0.076,0.02002002002002002,0.20020020020020018,0.146,0.08008008008008008,0.3003003003003003,-2.4155030794248096,-2.538415816369581
2024-07-23,student,0.994,1.0,0.10010010010010009,-0.026937878395835058,0.098,0.02002002002002002,0.20020020020020018,0.156,0.08008008008008008,0.3003003003003003,-2.412102719645001,-2.5435789051817936
2024-07-24,student,0.994,1.0,0.10010010010010009,-0.77389257178909,0.108,0.02002002002002002,0.20020020020020018,0.206,0.08008008008008008,0.3003003003003003,-2.49483300056828,-2.6312967957859557
2024-07-25,student,0.996,1.0,0.10010010010010009,-0.45453634464396997,0.072,0.02002002002002002,0.20020020020020018,0.144,0.0795795795795796,0.3003003003003003,-2.3958509101083982,-2.514170730731653
2024-07-26,student,0.995,1.0,0.10010010010010009,2.274792283160065,0.124,0.02002002002002002,0.20020020020020018,0.188,0.0795795795795796,0.3003003003003003,-2.4442455232285125,-2.580818290869145
2024-07-29,student,0.994,1.0,0.10010010010010009,0.31966754949682,0.126,0.02002002002002002,0.20020020020020018,0.178,0.0795795795795796,0.3003003003003003,-2.5994994612343643,-2.738138421287399
2024-07-30,student,0.904,0.996,0.10010010010010009,0.23020206067672,0.114,0.02002002002002002,0.20020020020020018,0.174,0.0795795795795796,0.3003003003003003,-2.4760695552689977,-2.604084382234543
2024-07-31,student,0.994,1.0,0.12012012012012012,-0.260543869205415,0.116,0.02002002002002002,0.20020020020020018,0.184,0.0795795795795796,0.3003003003003003,-2.3473734871355463,-2.467379960599818
2024-08-01,student,0.994,1.0,0.12012012012012012,-0.9825537815549099,0.114,0.04004004004004004,0.2202202202202202,0.178,0.0795795795795796,0.3003003003003003,-2.3234490283806757,-2.4494202630194013
2024-08-02,student,0.994,1.0,0.10010010010010009,-1.719990364140735,0.11,0.02002002002002002,0.20020020020020018,0.172,0.0795795795795796,0.3003003003003003,-2.382929917484839,-2.4960260227825857
2024-08-05,student,0.991,1.0,0.10010010010010009,-4.12145694328156,0.122,0.04004004004004004,0.2202202202202202,0.198,0.0795795795795796,0.3003003003003003,-2.703400588008352,-2.8425397886453134
2024-08-06,student,0.987,1.0,0.12012012012012012,-0.8896698306695949,0.124,0.04004004004004004,0.2202202202202202,0.218,0.08008008008008008,0.3003003003003003,-4.156059517719152,-4.397903900630003
2024-08-07,student,0.985,0.999,0.12012012012012012,1.826320874037925,0.12,0.04004004004004004,0.2202202202202202,0.176,0.08008008008008008,0.3003003003003003,-3.1312699860924877,-3.292737593612875
2024-08-08,bb7,0.987,0.999,0.12012012012012012,-1.409269368565105,0.1,0.04004004004004004,0.2202202202202202,0.138,0.08008008008008008,0.3003003003003003,-2.7811107851769563,-2.9056594539924494
2024-08-09,student,0.987,1.0,0.12012012012012012,1.7809938536218701,0.108,0.04004004004004004,0.2202202202202202,0.196,0.08008008008008008,0.3003003003003003,-3.3587211975998423,-3.542318971266717
2024-08-12,bb7,0.987,0.999,0.12012012012012012,0.03212313301462999,0.09,0.04004004004004004,0.2202202202202202,0.168,0.08008008008008008,0.3003003003003003,-2.7005129771806526,-2.847402486833729
2024-08-13,student,0.987,1.0,0.12012012012012012,-0.9333348923650902,0.106,0.04004004004004004,0.2202202202202202,0.174,0.08008008008008008,0.3003003003003003,-2.6421657202006,-2.784920680731814
2024-08-14,student,0.99,1.0,0.12012012012012012,1.053094711857925,0.134,0.04004004004004004,0.2202202202202202,0.222,0.08008008008008008,0.3003003003003003,-2.7151152171764914,-2.865748364977637
2024-08-16,student,0.99,1.0,0.12012012012012012,1.5329928422976051,0.116,0.04004004004004004,0.2202202202202202,0.202,0.08008008008008008,0.3003003003003003,-2.5885706899264287,-2.7343984378002624
2024-08-19,student,0.991,1.0,0.12012012012012012,0.255517852019455,0.142,0.04004004004004004,0.2202202202202202,0.2,0.08008008008008008,0.3003003003003003,-2.670049559375159,-2.8310854057869026
2024-08-20,student,0.991,1.0,0.12012012012012012,0.601937272024055,0.112,0.04004004004004004,0.2202202202202202,0.216,0.08008008008008008,0.3003003003003003,-2.4728599782063085,-2.602508839518041
2024-08-21,bb7,0.992,1.0,0.12012012012012012,-0.27702023677376997,0.092,0.04004004004004004,0.2202202202202202,0.164,0.08008008008008008,0.3003003003003003,-2.367841827205454,-2.492301258638399
2024-08-22,student,0.992,1.0,0.12012012012012012,0.49154873985379005,0.114,0.04004004004004004,0.2202202202202202,0.178,0.08008008008008008,0.3003003003003003,-2.304679932887101,-2.420235025721341
2024-08-23,student,0.99,0.999,0.12012012012012012,-0.787627902194165,0.116,0.04004004004004004,0.2202202202202202,0.172,0.08008008008008008,0.3203203203203203,-2.2249678890356264,-2.3386838884254617
2024-08-26,student,0.991,1.0,0.12012012012012012,0.357447889349635,0.124,0.04004004004004004,0.2202202202202202,0.198,0.08008008008008008,0.3203203203203203,-2.523089553715121,-2.6757577720296455
2024-08-27,student,0.991,1.0,0.12012012012012012,0.68635184268847,0.106,0.04004004004004004,0.2202202202202202,0.194,0.08008008008008008,0.3203203203203203,-2.3009887462017895,-2.424670660667869
2024-08-28,student,0.994,1.0,0.12012012012012012,0.6159413088382849,0.12,0.04004004004004004,0.2202202202202202,0.186,0.08008008008008008,0.3203203203203203,-2.252615052074796,-2.3617665374333887
2024-08-29,student,0.991,1.0,0.12012012012012012,0.16557413844744004,0.13,0.04004004004004004,0.2202202202202202,0.194,0.08008008008008008,0.3003003003003003,-2.2963375613020953,-2.4551924934212
2024-08-30,bb7,0.991,1.0,0.12012012012012012,0.334436473192665,0.094,0.04004004004004004,0.2202202202202202,0.158,0.08008008008008008,0.3203203203203203,-2.2633829908460066,-2.3776424282035236
2024-09-02,student,0.991,1.0,0.12012012012012012,0.93216530802758,0.118,0.04004004004004004,0.2202202202202202,0.178,0.08008008008008008,0.3203203203203203,-2.2340626033646163,-2.3542145803662327
2024-09-03,bb7,0.991,1.0,0.12012012012012012,-0.43437989040873504,0.114,0.04004004004004004,0.2202202202202202,0.168,0.08008008008008008,0.3203203203203203,-2.2206993471836167,-2.3407159329669747
2024-09-04,student,0.991,1.0,0.12012012012012012,-0.9922907885162449,0.126,0.04004004004004004,0.2202202202202202,0.212,0.08008008008008008,0.3203203203203203,-2.436703169933855,-2.5710607422395313
2024-09-05,student,0.987,0.999,0.12012012012012012,0.415118265293135,0.098,0.04004004004004004,0.2202202202202202,0.174,0.08008008008008008,0.3203203203203203,-2.3262968745780173,-2.4528833454931207
2024-09-06,student,0.987,0.999,0.12012012012012012,-3.080429940785555,0.116,0.04004004004004004,0.2202202202202202,0.18,0.08008008008008008,0.3203203203203203,-2.2756064463605563,-2.392715489306698
2024-09-09,student,0.987,1.0,0.12012012012012012,-0.07795076441149001,0.128,0.04004004004004004,0.2202202202202202,0.2,0.08008008008008008,0.3203203203203203,-3.2954491480084718,-3.4607466200479515
2024-09-10,student,0.991,1.0,0.12012012012012012,0.361516584608935,0.108,0.04004004004004004,0.2202202202202202,0.182,0.08008008008008008,0.3203203203203203,-2.7877212488705774,-2.9343942203216566
2024-09-11,student,0.99,1.0,0.12012012012012012,-0.961993098838875,0.112,0.04004004004004004,0.2202202202202202,0.19,0.08008008008008008,0.3203203203203203,-2.643832507537919,-2.781799308898493
2024-09-12,student,0.991,1.0,0.12012012012012012,2.27442033480838,0.132,0.04004004004004004,0.2202202202202202,0.174,0.08008008008008008,0.3203203203203203,-2.7117270757826506,-2.849724201322867
2024-09-13,student,0.991,1.0,0.12012012012012012,0.03332633868161,0.126,0.04004004004004004,0.2202202202202202,0.182,0.08008008008008008,0.3203203203203203,-2.776478792019243,-2.9292478503391934
2024-09-16,bb7,0.984,0.999,0.12012012012012012,-0.17828774463869002,0.082,0.04004004004004004,0.2202202202202202,0.162,0.08008008008008008,0.3203203203203203,-2.561325819738728,-2.67333347888931
2024-09-17,student,0.986,1.0,0.12012012012012012,-0.11001772075617999,0.122,0.04004004004004004,0.2202202202202202,0.184,0.08008008008008008,0.3203203203203203,-2.5730159407471174,-2.6920176155333158
2024-09-18,student,0.987,1.0,0.12012012012012012,-0.945980656618465,0.134,0.04004004004004004,0.2202202202202202,0.19,0.08008008008008008,0.3203203203203203,-2.4969789148152093,-2.651996430224488
2024-09-19,student,0.988,1.0,0.12012012012012012,-0.12277430472956499,0.144,0.04004004004004004,0.2202202202202202,0.196,0.08008008008008008,0.3203203203203203,-3.287918910833331,-3.441612628091397
2024-09-20,student,0.985,0.999,0.12012012012012012,-0.22097522084184995,0.136,0.04004004004004004,0.2202202202202202,0.202,0.08008008008008008,0.3203203203203203,-2.497880259502099,-2.6348349340033175
2024-09-23,student,0.989,1.0,0.12012012012012012,1.02792535314992,0.142,0.04004004004004004,0.2202202202202202,0.208,0.08008008008008008,0.3203203203203203,-2.4835342694387883,-2.617361951452326
2024-09-24,student,0.984,0.998,0.12012012012012012,-0.16833176632974997,0.128,0.04004004004004004,0.2202202202202202,0.214,0.08008008008008008,0.3203203203203203,-2.5838150930334525,-2.7083147043541134
2024-09-25,student,0.987,1.0,0.12012012012012012,-0.410604127404805,0.124,0.04004004004004004,0.2202202202202202,0.19,0.08008008008008008,0.3203203203203203,-2.5370950332830615,-2.6692714671978766
2024-09-26,student,0.985,0.999,0.12012012012012012,0.6790225598646249,0.118,0.04004004004004004,0.2202202202202202,0.18,0.08008008008008008,0.3203203203203203,-2.453415467782859,-2.5769113902255047
2024-09-27,student,0.99,1.0,0.12012012012012012,0.220604326339645,0.144,0.04004004004004004,0.2202202202202202,0.226,0.08008008008008008,0.3203203203203203,-2.4709118619871018,-2.6098707033142925
2024-09-30,student,0.991,1.0,0.12012012012012012,-1.750958557601995,0.11,0.04004004004004004,0.2202202202202202,0.176,0.08008008008008008,0.3203203203203203,-2.3656328477309536,-2.468641127726225
2024-10-01,student,0.991,1.0,0.12012012012012012,1.3316412332935652,0.136,0.04004004004004004,0.2202202202202202,0.2,0.08008008008008008,0.3203203203203203,-2.7472538570246097,-2.905739178777696
2024-10-03,student,0.99,0.999,0.12012012012012012,-0.467455818427165,0.156,0.04004004004004004,0.2202202202202202,0.202,0.08008008008008008,0.3203203203203203,-2.6175701150258055,-2.7649779367952543
2024-10-04,student,0.99,0.998,0.12012012012012012,0.809654100417025,0.14,0.04004004004004004,0.2202202202202202,0.198,0.08008008008008008,0.3203203203203203,-2.5287590738242645,-2.657142601971832
2024-10-07,student,0.991,0.999,0.12012012012012012,-1.2398386018582,0.124,0.04004004004004004,0.2202202202202202,0.184,0.08008008008008008,0.3203203203203203,-2.3323962879962155,-2.461075848627395
2024-10-08,student,0.991,1.0,0.12012012012012012,1.062841265673005,0.132,0.04004004004004004,0.2202202202202202,0.202,0.08008008008008008,0.3203203203203203,-2.8402973677822256,-2.998262056807954
2024-10-09,student,0.991,1.0,0.12012012012012012,1.117917231904725,0.104,0.04004004004004004,0.2202202202202202,0.174,0.08008008008008008,0.3203203203203203,-2.6241627314471243,-2.7442784920560297
2024-10-10,student,0.991,1.0,0.12012012012012012,-0.89053628840649,0.12,0.04004004004004004,0.2202202202202202,0.188,0.08008008008008008,0.3203203203203203,-2.66268630718721,-2.7944072698314466
2024-10-11,student,0.994,1.0,0.10010010010010009,0.583691436167025,0.138,0.04004004004004004,0.2202202202202202,0.194,0.08008008008008008,0.3003003003003003,-2.7973948902786434,-2.9374804606386618
2024-10-14,student,0.995,1.0,0.10010010010010009,0.947679082611455,0.092,0.04004004004004004,0.2202202202202202,0.162,0.08008008008008008,0.3003003003003003,-2.418058068016266,-2.5305816844316533
2024-10-15,student,0.996,1.0,0.10010010010010009,-0.02085183276563,0.106,0.04004004004004004,0.2202202202202202,0.154,0.08008008008008008,0.3003003003003003,-2.3419616319701713,-2.4608247321630325
2024-10-16,student,0.996,1.0,0.10010010010010009,-0.9608151562534248,0.15,0.04004004004004004,0.2202202202202202,0.232,0.08008008008008008,0.3003003003003003,-2.3784597471296784,-2.527191481690568
2024-10-17,student,0.996,1.0,0.10010010010010009,1.580995293514945,0.136,0.04004004004004004,0.2202202202202202,0.198,0.08008008008008008,0.3003003003003003,-2.6732307606685723,-2.809206029039674
2024-10-18,student,0.996,1.0,0.10010010010010009,-1.7273605721929397,0.108,0.04004004004004004,0.2202202202202202,0.174,0.08008008008008008,0.3003003003003003,-2.4297661566649884,-2.5548869946888773
2024-10-21,student,0.996,1.0,0.10010010010010009,-1.114052531293785,0.116,0.04004004004004004,0.2202202202202202,0.178,0.08008008008008008,0.3003003003003003,-3.8562221619418535,-3.9891864274007194
2024-10-22,student,0.995,1.0,0.10010010010010009,-1.49903529870525,0.152,0.04004004004004004,0.2202202202202202,0.206,0.08008008008008008,0.3003003003003003,-2.9904047877110953,-3.130753025157779
2024-10-23,student,0.996,0.998,0.10010010010010009,0.306121726859125,0.086,0.04004004004004004,0.2202202202202202,0.16,0.08008008008008008,0.3003003003003003,-2.7600777484926486,-2.899769619293768
2024-10-24,student,0.994,0.998,0.10010010010010009,0.27199988763786004,0.13,0.04004004004004004,0.2202202202202202,0.182,0.08008008008008008,0.3003003003003003,-2.624036119081447,-2.758919463903007
2024-10-25,student,0.996,1.0,0.10010010010010009,-0.8981278908696199,0.09,0.04004004004004004,0.2202202202202202,0.172,0.08008008008008008,0.3003003003003003,-2.512268603845335,-2.6361950598359525
2024-10-28,student,0.994,0.998,0.10010010010010009,0.794199711994425,0.088,0.04004004004004004,0.2202202202202202,0.16,0.0795795795795796,0.3003003003003003,-2.5282735635355484,-2.6280336652447627
2024-10-29,student,0.994,0.999,0.10010010010010009,2.36535650981901,0.13,0.04004004004004004,0.2202202202202202,0.18,0.08008008008008008,0.3003003003003003,-2.5026808925507877,-2.6107736719678334
2024-10-30,student,0.994,0.999,0.10010010010010009,-1.640909977844085,0.106,0.04004004004004004,0.2202202202202202,0.174,0.08008008008008008,0.3003003003003003,-3.2068153078192108,-3.3294776901612426
2024-10-31,student,0.994,0.998,0.10010010010010009,-1.397099297096045,0.152,0.04004004004004004,0.2202202202202202,0.214,0.08008008008008008,0.3003003003003003,-3.4106144440375363,-3.563645203352512
2024-11-01,student,0.994,0.998,0.10010010010010009,0.16324996709882,0.108,0.04004004004004004,0.2202202202202202,0.166,0.0795795795795796,0.3003003003003003,-3.2947991169481683,-3.4346504713301393
2024-11-04,student,0.995,0.998,0.10010010010010009,0.603356609729855,0.118,0.04004004004004004,0.2202202202202202,0.186,0.06006006006006006,0.3003003003003003,-2.7226863149500202,-2.836351673528164
2024-11-05,student,0.995,1.0,0.10010010010010009,0.8838557424199451,0.124,0.04004004004004004,0.2202202202202202,0.178,0.0795795795795796,0.3003003003003003,-2.532996269114414,-2.65142384131995
2024-11-06,student,0.997,1.0,0.10010010010010009,2.2713650489144097,0.13,0.04004004004004004,0.2202202202202202,0.184,0.06006006006006006,0.3003003003003003,-2.781861975758402,-2.931118131526826
2024-11-07,student,0.995,0.998,0.10010010010010009,-0.28940270890591496,0.152,0.04004004004004004,0.2202202202202202,0.218,0.08008008008008008,0.3003003003003003,-2.9221056110357675,-3.0743397579882257
2024-11-08,student,0.992,0.998,0.10010010010010009,-0.22566454050286988,0.098,0.04004004004004004,0.2202202202202202,0.148,0.0795795795795796,0.3003003003003003,-2.6686058599011266,-2.78053555440335
2024-11-11,student,0.992,1.0,0.10010010010010009,1.08322497894144,0.12,0.04004004004004004,0.22072072072072024,0.166,0.06006006006006006,0.3003003003003003,-2.64448041244319,-2.758709812562658
2024-11-12,student,0.997,1.0,0.10010010010010009,-1.01798136949379,0.094,0.039539539539539564,0.2202202202202202,0.166,0.06006006006006006,0.3003003003003003,-2.4328239281401496,-2.542447635731574
2024-11-13,student,0.996,1.0,0.10010010010010009,-1.1144863957844149,0.14,0.04004004004004004,0.2202202202202202,0.19,0.06006006006006006,0.3003003003003003,-2.6372676732612605,-2.7495388191672854
2024-11-14,student,0.996,1.0,0.10010010010010009,-0.37593985809801,0.094,0.039539539539539564,0.2202202202202202,0.142,0.06006006006006006,0.3003003003003003,-2.6808004919153596,-2.7793647320981414
2024-11-18,student,0.997,1.0,0.10010010010010009,-0.8236723113516748,0.098,0.039539539539539564,0.2202202202202202,0.184,0.06006006006006006,0.3003003003003003,-2.6093931298491033,-2.72150731225035
2024-11-19,student,0.993,0.998,0.10010010010010009,-0.33293876268859,0.138,0.039539539539539564,0.2202202202202202,0.194,0.06006006006006006,0.28078078078078034,-3.250239254551524,-3.4030856752954453
2024-11-21,student,0.992,0.998,0.10010010010010009,-1.150801285901465,0.114,0.04004004004004004,0.2202202202202202,0.174,0.06006006006006006,0.28078078078078034,-2.7046229126381176,-2.824048330855418
2024-11-22,student,0.995,0.999,0.10010010010010009,4.03656890748454,0.108,0.02002002002002002,0.2202202202202202,0.17,0.06006006006006006,0.2802802802802803,-2.805651095853161,-2.92079505337163
2024-11-25,student,0.995,0.998,0.10010010010010009,1.3795285044466898,0.102,0.04004004004004004,0.2202202202202202,0.134,0.06006006006006006,0.2802802802802803,-3.471827068880184,-3.5932979906912568
2024-11-26,student,0.992,0.998,0.10010010010010009,0.60340536875865,0.11,0.04004004004004004,0.2202202202202202,0.152,0.06006006006006006,0.2802802802802803,-3.3374039066844943,-3.44405292707612
2024-11-27,student,0.945,0.991,0.10010010010010009,-0.30761389129858,0.102,0.02002002002002002,0.2202202202202202,0.152,0.06006006006006006,0.2802802802802803,-2.9579559561861744,-3.0689708398675846
2024-11-28,student,0.975,0.998,0.10010010010010009,-1.5106897367698648,0.114,0.039539539539539564,0.2202202202202202,0.162,0.06006006006006006,0.2802802802802803,-2.7404128744499165,-2.8375791138516466
2024-11-29,student,0.954,0.992,0.10010010010010009,0.038269159038565,0.114,0.039539539539539564,0.2202202202202202,0.154,0.06006006006006006,0.2802802802802803,-3.38973107327867,-3.497810934234179
2024-12-02,student,0.953,0.988,0.10010010010010009,0.43506798003397007,0.104,0.039539539539539564,0.2202202202202202,0.142,0.06006006006006006,0.2802802802802803,-2.5297801764819616,-2.614549179314563
2024-12-03,student,0.955,0.991,0.10010010010010009,1.36437811776784,0.116,0.02002002002002002,0.2202202202202202,0.16,0.06006006006006006,0.2802802802802803,-2.4577069956045863,-2.5401414281975514
2024-12-04,student,0.992,0.998,0.10010010010010009,0.26017481176750495,0.126,0.04004004004004004,0.2202202202202202,0.18,0.06006006006006006,0.2802802802802803,-2.485692198479729,-2.5835644670089106
2024-12-05,student,0.992,0.998,0.10010010010010009,1.5258005288125098,0.114,0.04004004004004004,0.2202202202202202,0.166,0.06006006006006006,0.2802802802802803,-2.426235708013764,-2.5154178991614686
2024-12-06,student,0.942,0.988,0.10010010010010009,-0.426870552407585,0.116,0.04004004004004004,0.2202202202202202,0.158,0.06006006006006006,0.2802802802802803,-2.4757500491912365,-2.5699075397262994
2024-12-09,student,0.937,0.987,0.10010010010010009,-0.292762261541665,0.12,0.04004004004004004,0.2202202202202202,0.168,0.06006006006006006,0.2802802802802803,-2.492990913455436,-2.5865455170132874
2024-12-10,student,0.937,0.985,0.10010010010010009,1.1907120581573,0.136,0.04004004004004004,0.2202202202202202,0.188,0.06006006006006006,0.2802802802802803,-2.4358744904283065,-2.545494800162969
2024-12-11,student,0.935,0.985,0.10010010010010009,0.3113996102169851,0.112,0.04004004004004004,0.2202202202202202,0.164,0.06006006006006006,0.2802802802802803,-2.4366788580532805,-2.5238172550898534
2024-12-12,student,0.936,0.985,0.10010010010010009,-0.136161323050155,0.148,0.04004004004004004,0.2202202202202202,0.21,0.06006006006006006,0.2802802802802803,-2.4055189185291357,-2.493273149730646
2024-12-13,student,0.92,0.981,0.10010010010010009,0.776220516894055,0.108,0.04004004004004004,0.2202202202202202,0.144,0.06006006006006006,0.2802802802802803,-2.3589697933842397,-2.4492863644958613
2024-12-16,student,0.943,0.988,0.10010010010010009,-0.5285824854913951,0.09,0.039539539539539564,0.2202202202202202,0.148,0.06006006006006006,0.2802802802802803,-2.3144698115048024,-2.4002399073320384
2024-12-17,student,0.925,0.981,0.10010010010010009,-0.69485750806844,0.126,0.039539539539539564,0.2202202202202202,0.188,0.06006006006006006,0.2802802802802803,-2.456346399604316,-2.5605200745562375
2024-12-18,student,0.988,0.997,0.10010010010010009,-0.6698401055029349,0.114,0.039539539539539564,0.2202202202202202,0.162,0.06006006006006006,0.2802802802802803,-2.467856931526122,-2.5493380983474716
2024-12-19,student,0.988,0.997,0.10010010010010009,-1.1596198555950852,0.096,0.039539539539539564,0.2202202202202202,0.148,0.06006006006006006,0.2802802802802803,-2.4816244152123694,-2.565794014458479
2024-12-20,student,0.988,0.998,0.10010010010010009,-1.886375058809685,0.098,0.039539539539539564,0.2202202202202202,0.134,0.06006006006006006,0.2802802802802803,-2.720285232662533,-2.821062568744656
2024-12-23,student,0.878,0.964,0.10010010010010009,0.6161716843791699,0.128,0.04004004004004004,0.2202202202202202,0.166,0.06006006006006006,0.2802802802802803,-2.964230087811985,-3.055857882035478
2024-12-24,student,0.988,0.997,0.10010010010010009,-0.95502331587618,0.108,0.039539539539539564,0.2202202202202202,0.158,0.06006006006006006,0.2802802802802803,-2.624129677509729,-2.7151330801967304
2024-12-26,student,0.874,0.962,0.10010010010010009,-0.018608562361945,0.11,0.039539539539539564,0.2202202202202202,0.156,0.06006006006006006,0.2802802802802803,-2.581426639172949,-2.672087448939909
2024-12-27,student,0.88,0.964,0.10010010010010009,-0.549513856617935,0.11,0.04004004004004004,0.2202202202202202,0.164,0.06006006006006006,0.2802802802802803,-2.457946717654114,-2.5409749124232124
2024-12-30,student,0.889,0.965,0.10010010010010009,-0.9959858714911949,0.116,0.039539539539539564,0.2202202202202202,0.152,0.06006006006006006,0.2802802802802803,-2.4852276732145264,-2.5695457629609453
2024-12-31,student,0.894,0.965,0.10010010010010009,-0.266727330100415,0.112,0.039539539539539564,0.2202202202202202,0.158,0.06006006006006006,0.2802802802802803,-2.5212641546246943,-2.6080928633190585
2025-01-01,student,0.898,0.965,0.10010010010010009,-0.04374303726639499,0.126,0.039539539539539564,0.2202202202202202,0.172,0.06006006006006006,0.2802802802802803,-2.6239076579098377,-2.7139980200464504
2025-01-02,student,0.992,0.998,0.10010010010010009,2.464074191071385,0.124,0.039539539539539564,0.2202202202202202,0.166,0.06006006006006006,0.2802802802802803,-2.404272908772731,-2.480693306221878
2025-01-03,student,0.988,0.995,0.10010010010010009,-0.9793302755697,0.1,0.039539539539539564,0.2202202202202202,0.172,0.08008008008008008,0.3003003003003003,-2.647042751198723,-2.719219356688297
2025-01-06,student,0.988,0.997,0.10010010010010009,-1.106199165586245,0.114,0.039539539539539564,0.2202202202202202,0.172,0.06006006006006006,0.2802802802802803,-2.5768013959351457,-2.669585906477032
2025-01-07,student,0.889,0.938,0.10010010010010009,-0.029829474995515026,0.102,0.04004004004004004,0.2202202202202202,0.16,0.08008008008008008,0.3003003003003003,-2.609482234269858,-2.6562740003381653
2025-01-08,student,0.896,0.941,0.10010010010010009,-0.43083351723735497,0.096,0.039539539539539564,0.2202202202202202,0.146,0.08008008008008008,0.3003003003003003,-2.533335055452407,-2.5956018111746944
2025-01-09,student,0.987,0.992,0.10010010010010009,-1.110267769860905,0.122,0.039539539539539564,0.2202202202202202,0.184,0.06006006006006006,0.3003003003003003,-2.4260866890895487,-2.4731972475959974
2025-01-10,student,0.929,0.96,0.10010010010010009,0.13440767423680988,0.124,0.039539539539539564,0.2202202202202202,0.186,0.0795795795795796,0.3003003003003003,-2.544926003623382,-2.6154021917696446
2025-01-13,student,0.988,0.995,0.10010010010010009,-1.05454352781984,0.124,0.04004004004004004,0.2202202202202202,0.176,0.06006006006006006,0.3003003003003003,-2.764702998386309,-2.8252185492574
2025-01-14,student,0.99,0.995,0.10010010010010009,0.6945832396990901,0.132,0.04004004004004004,0.2202202202202202,0.186,0.06006006006006006,0.3003003003003003,-2.81314809564674,-2.9013161141680075
2025-01-15,student,0.99,0.995,0.10010010010010009,0.616350779597,0.108,0.04004004004004004,0.2202202202202202,0.16,0.06006006006006006,0.3003003003003003,-2.8163343286491873,-2.8749212144186345
2025-01-16,student,0.985,0.995,0.10010010010010009,0.28229416443967503,0.146,0.04004004004004004,0.2202202202202202,0.182,0.06006006006006006,0.3003003003003003,-2.6111001517774484,-2.6888835919327057
2025-01-17,student,0.991,0.995,0.10010010010010009,-3.1629121691639703,0.122,0.04004004004004004,0.2202202202202202,0.184,0.06006006006006006,0.3003003003003003,-2.613604512645732,-2.6838115638045665
2025-01-20,student,0.934,0.961,0.10010010010010009,0.922419784585555,0.096,0.039539539539539564,0.2202202202202202,0.158,0.06006006006006006,0.3003003003003003,-4.393975758801587,-4.525610239111465
2025-01-21,student,0.93,0.956,0.10010010010010009,-1.661865699158125,0.132,0.04004004004004004,0.2202202202202202,0.182,0.06006006006006006,0.3003003003003003,-3.141179599339742,-3.2108971956070222
2025-01-22,student,0.992,0.997,0.10010010010010009,1.154280096137555,0.118,0.04004004004004004,0.2202202202202202,0.166,0.06006006006006006,0.28078078078078034,-2.935010261739121,-2.9936314875286483
2025-01-23,student,0.955,0.987,0.10010010010010009,-0.2617423457808301,0.12,0.039539539539539564,0.20070070070070023,0.166,0.06006006006006006,0.2802802802802803,-2.8781505507400778,-2.980550687014046
2025-01-24,student,0.96,0.988,0.10010010010010009,0.14987486104558,0.158,0.04004004004004004,0.2202202202202202,0.19,0.06006006006006006,0.2802802802802803,-2.712385452507636,-2.805245643921483
2025-01-27,student,0.992,0.997,0.10010010010010009,-1.1075263031833797,0.12,0.04004004004004004,0.2202202202202202,0.152,0.06006006006006006,0.2802802802802803,-2.5435913350867887,-2.60684954584981
2025-01-28,student,0.993,0.995,0.10010010010010009,0.42533422810262,0.122,0.04004004004004004,0.2202202202202202,0.18,0.06006006006006006,0.2802802802802803,-3.0048386836024092,-3.064757286351885
2025-01-29,student,0.996,0.997,0.10010010010010009,1.7882929003531,0.124,0.04004004004004004,0.2202202202202202,0.178,0.06006006006006006,0.2802802802802803,-2.5731044999748636,-2.6088779746647486
2025-01-30,student,0.995,0.995,0.10010010010010009,-0.29650588811522494,0.116,0.04004004004004004,0.2202202202202202,0.168,0.06006006006006006,0.2802802802802803,-2.520902931359491,-2.568507482268559
2025-01-31,student,0.993,0.995,0.10010010010010009,1.2015963577722548,0.142,0.04004004004004004,0.2202202202202202,0.194,0.06006006006006006,0.2802802802802803,-2.550672573685897,-2.6075942623426682
2025-02-01,student,0.993,0.995,0.10010010010010009,-1.210893368502415,0.114,0.04004004004004004,0.2202202202202202,0.182,0.06006006006006006,0.2802802802802803,-2.486622845225105,-2.546523605337341
2025-02-03,bb7,0.992,0.994,0.10010010010010009,-0.009020430995914985,0.1,0.04004004004004004,0.2202202202202202,0.146,0.06006006006006006,0.2802802802802803,-2.5130024478283577,-2.538477749267008
2025-02-04,student,0.993,0.996,0.10010010010010009,2.1286540036815498,0.14,0.04004004004004004,0.2202202202202202,0.186,0.06006006006006006,0.2802802802802803,-2.44703904259671,-2.485233538397751
2025-02-05,bb7,0.993,0.995,0.10010010010010009,-0.897122995483215,0.088,0.04004004004004004,0.2202202202202202,0.118,0.06006006006006006,0.2802802802802803,-2.5345766872873807,-2.57428620576224
2025-02-06,bb7,0.992,0.995,0.10010010010010009,-0.42109108997392497,0.114,0.04004004004004004,0.2202202202202202,0.14,0.06006006006006006,0.2802802802802803,-2.548541257908201,-2.578734155335204
2025-02-07,student,0.992,0.995,0.10010010010010009,-1.32466719303568,0.108,0.04004004004004004,0.2202202202202202,0.154,0.06006006006006006,0.2802802802802803,-2.5587538688236493,-2.5909742893293832
2025-02-10,student,0.995,0.997,0.10010010010010009,-0.64422606735297,0.124,0.04004004004004004,0.2202202202202202,0.16,0.06006006006006006,0.2802802802802803,-2.7481364410883966,-2.779155135175897
2025-02-11,bb7,0.995,0.997,0.10010010010010009,-0.512112391946855,0.108,0.04004004004004004,0.2202202202202202,0.148,0.06006006006006006,0.2802802802802803,-2.6956589269070492,-2.721406091833855
2025-02-12,student,0.995,0.997,0.10010010010010009,-0.19432915140562504,0.122,0.04004004004004004,0.2202202202202202,0.172,0.06006006006006006,0.2802802802802803,-2.5707924998765104,-2.6015402370518736
2025-02-13,student,0.992,0.997,0.10010010010010009,-0.9134215064301199,0.136,0.04004004004004004,0.2202202202202202,0.17,0.06006006006006006,0.2802802802802803,-2.5141892285870813,-2.5510638432040835
2025-02-14,bb7,0.992,0.997,0.10010010010010009,-0.023923512765300026,0.096,0.04004004004004004,0.2202202202202202,0.148,0.06006006006006006,0.2802802802802803,-2.490317684006772,-2.517349510124879
2025-02-17,student,0.992,0.997,0.10010010010010009,0.0015805023995800194,0.104,0.04004004004004004,0.2202202202202202,0.156,0.06006006006006006,0.2802802802802803,-2.4347229276737434,-2.4586715316210785
2025-02-18,bb7,0.992,0.997,0.10010010010010009,0.13049778039836,0.082,0.04004004004004004,0.2202202202202202,0.15,0.06006006006006006,0.2802802802802803,-2.420073200817374,-2.4463266172670637
2025-02-19,student,0.995,0.997,0.10010010010010009,-1.020291548375,0.108,0.04004004004004004,0.2202202202202202,0.158,0.06006006006006006,0.2802802802802803,-2.426321480058335,-2.45262367805302
2025-02-20,bb7,0.991,0.992,0.10010010010010009,0.55939544297945,0.118,0.04004004004004004,0.2202202202202202,0.138,0.06006006006006006,0.2602602602602602,-2.7054177464306277,-2.7292139253453365
2025-02-21,bb7,0.995,0.997,0.10010010010010009,-0.8092581675404099,0.106,0.04004004004004004,0.2202202202202202,0.128,0.06006006006006006,0.2602602602602602,-2.5451321156581503,-2.547453178346927
2025-02-24,student,0.995,0.997,0.10010010010010009,-1.81156184409593,0.13,0.04004004004004004,0.2202202202202202,0.164,0.06006006006006006,0.2602602602602602,-2.5478884527264745,-2.575262137650764
2025-02-25,bb7,0.987,0.992,0.10010010010010009,-0.28341293815846996,0.112,0.04004004004004004,0.2202202202202202,0.144,0.06006006006006006,0.2802802802802803,-2.91914157874606,-2.9378208064846794
2025-02-27,student,0.988,0.992,0.10010010010010009,-0.59103319717397,0.11,0.04004004004004004,0.2202202202202202,0.154,0.06006006006006006,0.2802802802802803,-2.597204719591875,-2.611898552457353
2025-02-28,bb7,0.995,0.997,0.10010010010010009,-3.3036386315967703,0.098,0.04004004004004004,0.2202202202202202,0.118,0.06006006006006006,0.2602602602602602,-2.464804643483157,-2.457394441668954
2025-03-03,student,0.995,0.997,0.10010010010010009,1.08500201965559,0.122,0.04004004004004004,0.2202202202202202,0.162,0.06006006006006006,0.2802802802802803,-3.5453027105283716,-3.567148952077011
2025-03-04,student,0.991,0.992,0.10010010010010009,0.87272343168458,0.128,0.04004004004004004,0.2202202202202202,0.172,0.06006006006006006,0.2802802802802803,-3.1053230677825048,-3.1672313958540514
2025-03-05,student,0.992,0.995,0.10010010010010009,1.6710944469738949,0.126,0.04004004004004004,0.2202202202202202,0.164,0.06006006006006006,0.2802802802802803,-2.9880810627377596,-3.033532425815666
2025-03-06,student,0.992,0.993,0.10010010010010009,0.24316681383503502,0.106,0.04004004004004004,0.2202202202202202,0.146,0.06006006006006006,0.2802802802802803,-2.788810418490083,-2.8115274888151345
2025-03-07,student,0.991,0.992,0.10010010010010009,-0.829697059085855,0.116,0.04004004004004004,0.2202202202202202,0.152,0.06006006006006006,0.2802802802802803,-2.535357174500763,-2.5612651177308106
2025-03-10,student,0.99,0.992,0.10010010010010009,0.192698958465855,0.098,0.04004004004004004,0.2202202202202202,0.126,0.06006006006006006,0.2802802802802803,-2.5773788583050825,-2.58505272502616
2025-03-11,student,0.991,0.992,0.10010010010010009,-1.119870329576095,0.1,0.04004004004004004,0.2202202202202202,0.126,0.06006006006006006,0.2602602602602602,-2.449094727050945,-2.455885339377335
2025-03-12,student,0.991,0.992,0.10010010010010009,-2.643657488401055,0.142,0.04004004004004004,0.2202202202202202,0.178,0.06006006006006006,0.2602602602602602,-2.7866345590764143,-2.8226220027459274
2025-03-13,student,0.997,0.997,0.10010010010010009,-0.016099446835249998,0.12,0.04004004004004004,0.2202202202202202,0.146,0.06006006006006006,0.2602602602602602,-3.5044765014025407,-3.5222874067151726
2025-03-17,student,0.992,0.992,0.10010010010010009,-0.0021340322456749883,0.116,0.04004004004004004,0.2202202202202202,0.148,0.06006006006006006,0.2602602602602602,-2.893976225158565,-2.912492483691804
2025-03-18,student,0.988,0.992,0.10010010010010009,0.0,0.118,0.04004004004004004,0.2202202202202202,0.158,0.06006006006006006,0.2602602602602602,-2.554628545620087,-2.584337756795744
2025-03-19,student,0.99,0.992,0.10010010010010009,1.3849052248665048,0.136,0.04004004004004004,0.2202202202202202,0.158,0.06006006006006006,0.2602602602602602,-2.5156322680974306,-2.5312829306434677
2025-03-20,student,0.988,0.992,0.10010010010010009,1.203412224726945,0.11,0.04004004004004004,0.2202202202202202,0.146,0.06006006006006006,0.2602602602602602,-2.599402001685107,-2.6265386148404097
2025-03-21,student,0.988,0.992,0.10010010010010009,-0.47405765923849996,0.11,0.04004004004004004,0.2202202202202202,0.142,0.06006006006006006,0.2602602602602602,-2.5620071982283026,-2.565980234389522
2025-03-24,student,0.992,0.995,0.10010010010010009,1.8056874181100748,0.12,0.04004004004004004,0.2202202202202202,0.154,0.06006006006006006,0.2602602602602602,-2.594838194791342,-2.6374032626406088
2025-03-25,student,0.992,0.995,0.10010010010010009,0.5966223499172799,0.088,0.04004004004004004,0.20070070070070023,0.138,0.06006006006006006,0.2602602602602602,-2.797080384623453,-2.81070596586987
2025-03-26,student,0.988,0.992,0.10010010010010009,-1.47429691432118,0.132,0.04004004004004004,0.2202202202202202,0.172,0.06006006006006006,0.2602602602602602,-2.6794126390701223,-2.725732714237256
2025-03-27,student,0.991,0.993,0.10010010010010009,0.6682709941352399,0.114,0.04004004004004004,0.2202202202202202,0.146,0.06006006006006006,0.2602602602602602,-2.7631653388952953,-2.7856559378698114
2025-03-28,student,0.988,0.992,0.10010010010010009,-1.088340911932765,0.108,0.04004004004004004,0.20070070070070023,0.148,0.06006006006006006,0.2602602602602602,-2.5656178143633026,-2.6041424031341456
2025-04-01,student,0.997,0.998,0.10010010010010009,-1.412639457836505,0.076,0.04004004004004004,0.20070070070070023,0.108,0.06006006006006006,0.2602602602602602,-2.6848277243102494,-2.7056220205398684
2025-04-02,student,0.995,0.997,0.10010010010010009,1.04331890739134,0.11,0.04004004004004004,0.20070070070070023,0.136,0.06006006006006006,0.2602602602602602,-2.8670354598203653,-2.8674576601349617
2025-04-03,student,0.995,0.996,0.10010010010010009,-1.552149571598955,0.086,0.04004004004004004,0.20070070070070023,0.132,0.06006006006006006,0.2602602602602602,-2.553179989060367,-2.577365045954142
2025-04-04,student,0.998,0.998,0.10010010010010009,-2.281131618032295,0.1,0.04004004004004004,0.20070070070070023,0.14,0.06006006006006006,0.2602602602602602,-3.0431035728632305,-3.056003323711766
2025-04-07,student,0.998,0.998,0.10010010010010009,-3.28473628616083,0.104,0.04004004004004004,0.2202202202202202,0.144,0.06006006006006006,0.2602602602602602,-3.274220852421881,-3.2960519109780115
2025-04-08,student,0.998,0.998,0.12012012012012012,2.566309345678915,0.13,0.04004004004004004,0.2202202202202202,0.192,0.06006006006006006,0.2802802802802803,-3.9659100930167246,-4.045956632695691
2025-04-09,student,0.998,0.998,0.12012012012012012,-2.63376424904114,0.124,0.04004004004004004,0.2202202202202202,0.164,0.06006006006006006,0.26076076076076027,-3.260224834879381,-3.299243060143547
2025-04-11,student,0.998,0.998,0.12012012012012012,0.983127253727035,0.106,0.04004004004004004,0.2202202202202202,0.146,0.06006006006006006,0.2802802802802803,-3.646497189885281,-3.6903458337979047
2025-04-15,student,0.998,0.998,0.12012012012012012,1.219674429397655,0.118,0.04004004004004004,0.2202202202202202,0.158,0.06006006006006006,0.2802802802802803,-2.911236291136159,-2.9524138486014952
2025-04-16,student,0.998,0.998,0.12012012012012012,0.08300963531465011,0.094,0.04004004004004004,0.2202202202202202,0.126,0.06006006006006006,0.2802802802802803,-2.5716413897777155,-2.589123405913249
2025-04-17,student,0.998,0.998,0.12012012012012012,1.863861914273285,0.108,0.04004004004004004,0.2202202202202202,0.144,0.06006006006006006,0.2802802802802803,-2.5319051109017647,-2.5678366249998423
2025-04-21,student,0.995,0.997,0.12012012012012012,2.29005124826728,0.102,0.04004004004004004,0.2202202202202202,0.126,0.06006006006006006,0.2802802802802803,-2.6676887050358076,-2.686535205113571
2025-04-22,student,0.998,0.998,0.12012012012012012,-0.6335551095348001,0.126,0.04004004004004004,0.2202202202202202,0.186,0.06006006006006006,0.2802802802802803,-2.751553426580662,-2.8016788709896927
2025-04-23,student,0.997,0.997,0.12012012012012012,1.2510458995762401,0.132,0.04004004004004004,0.2202202202202202,0.182,0.06006006006006006,0.2802802802802803,-2.7571025187066356,-2.793207285456088
2025-04-24,student,0.998,0.998,0.12012012012012012,-0.1218655042290229,0.118,0.04004004004004004,0.2202202202202202,0.152,0.06006006006006006,0.2602602602602602,-2.8117110145703617,-2.878694070622923
2025-04-25,student,0.998,0.999,0.12012012012012012,-0.6168667697257901,0.122,0.04004004004004004,0.2202202202202202,0.17,0.06006006006006006,0.2602602602602602,-2.4883779290082333,-2.552740855344295
2025-04-28,student,0.998,1.0,0.12012012012012012,1.221366435965775,0.11,0.04004004004004004,0.2202202202202202,0.13,0.06006006006006006,0.2602602602602602,-2.6110523975737148,-2.676794655883311
2025-04-29,student,0.989,0.995,0.12012012012012012,0.22235819680350505,0.148,0.04004004004004004,0.2202202202202202,0.192,0.06006006006006006,0.2602602602602602,-2.689510681197222,-2.7636153650723836
2025-04-30,student,0.985,0.99,0.12012012012012012,-1.406005544318585,0.108,0.04004004004004004,0.2202202202202202,0.154,0.06006006006006006,0.2802802802802803,-2.401283811964109,-2.449077536456044
2025-05-02,student,0.985,0.99,0.12012012012012012,0.7339192852825649,0.12,0.04004004004004004,0.2202202202202202,0.154,0.06006006006006006,0.2802802802802803,-3.0205550936859016,-3.0545519676105832
2025-05-05,student,0.987,0.992,0.12012012012012012,-0.365887859200385,0.134,0.04004004004004004,0.2202202202202202,0.184,0.06006006006006006,0.2802802802802803,-2.620861673640843,-2.6692169621062267
2025-05-06,student,0.986,0.991,0.12012012012012012,-0.9205725358375101,0.088,0.04004004004004004,0.2202202202202202,0.136,0.06006006006006006,0.2802802802802803,-2.4305308516733595,-2.454478288936412
2025-05-07,student,0.986,0.991,0.12012012012012012,0.023051204530270014,0.104,0.04004004004004004,0.2202202202202202,0.14,0.06006006006006006,0.2802802802802803,-2.667814594671477,-2.7001613057094227
2025-05-08,student,0.987,0.992,0.12012012012012012,-0.35686218829054006,0.104,0.04004004004004004,0.2202202202202202,0.156,0.06006006006006006,0.2802802802802803,-2.4141629773648705,-2.4359420664919167
2025-05-09,student,0.987,0.99,0.12012012012012012,0.536179433787335,0.094,0.04004004004004004,0.2202202202202202,0.126,0.06006006006006006,0.2802802802802803,-2.3709377200816735,-2.3850615208060972
2025-05-12,student,0.986,0.991,0.12012012012012012,5.22488197898124,0.088,0.04004004004004004,0.2202202202202202,0.126,0.06006006006006006,0.2802802802802803,-2.346703778769359,-2.375421764054855
2025-05-13,student,0.967,0.977,0.12012012012012012,-1.81841448683023,0.114,0.04004004004004004,0.2202202202202202,0.154,0.06006006006006006,0.2802802802802803,-3.3031459457083723,-3.341379072539612
2025-05-14,student,0.967,0.976,0.12012012012012012,0.687420321145655,0.102,0.04004004004004004,0.2202202202202202,0.13,0.06006006006006006,0.2802802802802803,-3.4297863898711456,-3.4663177850060407
2025-05-15,student,0.961,0.966,0.12012012012012012,1.080982464556425,0.088,0.04004004004004004,0.2202202202202202,0.12,0.06006006006006006,0.26076076076076027,-2.7934476423638466,-2.8220416082319897
2025-05-16,student,0.966,0.977,0.12012012012012012,-0.7054483276025499,0.126,0.04004004004004004,0.2202202202202202,0.148,0.06006006006006006,0.2802802802802803,-2.4951735958012318,-2.5091104074195236
2025-05-19,student,0.968,0.982,0.12012012012012012,-0.77295093573541,0.142,0.04004004004004004,0.2202202202202202,0.182,0.06006006006006006,0.2802802802802803,-2.646369434485188,-2.7346433133820502
2025-05-20,student,0.967,0.977,0.12012012012012012,-0.565899063396605,0.11,0.04004004004004004,0.2202202202202202,0.144,0.06006006006006006,0.2602602602602602,-2.629871259649242,-2.66431495643625
2025-05-21,bb7,0.966,0.973,0.12012012012012012,0.34466197617916006,0.106,0.04004004004004004,0.2202202202202202,0.154,0.06006006006006006,0.2802802802802803,-2.5690693108361566,-2.6073039358688432
2025-05-22,bb7,0.966,0.971,0.12012012012012012,-0.791607662524175,0.124,0.04004004004004004,0.2202202202202202,0.164,0.06006006006006006,0.26076076076076027,-2.3996433068588185,-2.4226758142310687
2025-05-23,student,0.969,0.978,0.12012012012012012,0.889043715323555,0.13,0.04004004004004004,0.2202202202202202,0.172,0.06006006006006006,0.2602602602602602,-2.5173755380945257,-2.552307651289588
2025-05-26,student,0.969,0.977,0.12012012012012012,0.74523246030147,0.126,0.04004004004004004,0.2202202202202202,0.174,0.06006006006006006,0.2602602602602602,-2.3967174816777743,-2.4238885001963664
